cpt: v6 | 
[0.6503 0.3497]

cpt: v8 | 
[0.8278 0.1722]

cpt: v24 | 
[0.8781 0.1219]

cpt: v9 | 
[0.3951 0.0072 0.5977]

cpt: v4 | v9
[[0.9964 0.0036]
 [0.9155 0.0845]
 [0.0233 0.9767]]

cpt1: v10 | v9
[[0.9129 0.0380 0.0491]
 [0.0021 0.9573 0.0406]
 [0.0075 0.0791 0.9135]]

cpt2: v10 | v9
[[0.8090 0.0737 0.1173]
 [0.0641 0.6458 0.2901]
 [0.3621 0.2085 0.4294]]

cpt3: v10 | v9
[[0.7298 0.1230 0.1472]
 [0.0332 0.0750 0.8918]
 [0.0063 0.9564 0.0373]]

cpt4: v10 | v9
[[0.2461 0.3440 0.4099]
 [0.0395 0.1725 0.7880]
 [0.0843 0.6910 0.2247]]

cpt5: v10 | v9
[[0.1448 0.3758 0.4794]
 [0.0628 0.2855 0.6517]
 [0.9312 0.0180 0.0508]]

cpt6: v10 | v9
[[0.2700 0.4225 0.3074]
 [0.0404 0.0934 0.8662]
 [0.9444 0.0090 0.0467]]

cpt7: v10 | v9
[[0.8106 0.0763 0.1131]
 [0.0391 0.1225 0.8385]
 [0.9276 0.0117 0.0607]]

cpt8: v10 | v9
[[0.0077 0.0578 0.9345]
 [0.0572 0.2346 0.7082]
 [0.0424 0.0105 0.9472]]

thres1: v10 | v9
[0.5647 0.3272 0.1977]

thres2: v10 | v9
[0.5854 0.3991 0.7334]

thres3: v10 | v9
[0.5997 0.5103 0.7588]

thres4: v10 | v9
[0.6117 0.5856 0.7623]

thres5: v10 | v9
[0.6600 0.6346 0.7647]

thres6: v10 | v9
[0.6807 0.6488 0.7671]

thres7: v10 | v9
[0.7248 0.6734 0.7682]

cpt1: v11 | v10
[[0.3171 0.4924 0.1904]
 [0.0015 0.9964 0.0021]
 [0.0187 0.2496 0.7317]]

cpt2: v11 | v10
[[0.9368 0.0410 0.0221]
 [0.0035 0.9808 0.0157]
 [0.0632 0.1780 0.7588]]

cpt3: v11 | v10
[[0.9806 0.0102 0.0092]
 [0.0072 0.0325 0.9603]
 [0.0051 0.0069 0.9880]]

cpt4: v11 | v10
[[0.9421 0.0304 0.0274]
 [0.0217 0.7298 0.2485]
 [0.0113 0.9729 0.0158]]

cpt5: v11 | v10
[[0.8113 0.0841 0.1046]
 [0.0215 0.6194 0.3591]
 [0.0529 0.4772 0.4699]]

cpt6: v11 | v10
[[0.9142 0.0463 0.0395]
 [0.0310 0.4985 0.4705]
 [0.0364 0.0903 0.8734]]

cpt7: v11 | v10
[[0.5690 0.1486 0.2824]
 [0.0454 0.3294 0.6252]
 [0.0327 0.3034 0.6639]]

cpt8: v11 | v10
[[0.9294 0.0197 0.0509]
 [0.0551 0.2493 0.6956]
 [0.8998 0.0281 0.0721]]

thres1: v11 | v10
[0.9668 0.0022 0.0008]

thres2: v11 | v10
[0.9670 0.0050 0.0023]

thres3: v11 | v10
[0.9671 0.9770 0.9966]

thres4: v11 | v10
[0.9671 0.9771 0.9966]

thres5: v11 | v10
[0.9673 0.9772 0.9966]

thres6: v11 | v10
[0.9673 0.9773 0.9966]

thres7: v11 | v10
[0.9679 0.9774 0.9966]

cpt1: v12 | v11
[[0.7208 0.1992 0.0801]
 [0.0007 0.0014 0.9979]
 [0.0086 0.2015 0.7900]]

cpt2: v12 | v11
[[0.0055 0.9922 0.0024]
 [0.0008 0.0015 0.9977]
 [0.9665 0.0213 0.0122]]

cpt3: v12 | v11
[[0.2037 0.7786 0.0176]
 [0.0041 0.0190 0.9768]
 [0.0144 0.9492 0.0364]]

cpt4: v12 | v11
[[0.6586 0.2370 0.1045]
 [0.0029 0.0110 0.9861]
 [0.2035 0.4375 0.3591]]

cpt5: v12 | v11
[[0.8017 0.0368 0.1615]
 [0.0315 0.1224 0.8461]
 [0.4086 0.0940 0.4974]]

cpt6: v12 | v11
[[0.9384 0.0381 0.0235]
 [0.0545 0.4136 0.5319]
 [0.4812 0.0579 0.4609]]

cpt7: v12 | v11
[[0.3060 0.2753 0.4187]
 [0.1678 0.7397 0.0925]
 [0.5175 0.0619 0.4206]]

cpt8: v12 | v11
[[0.3522 0.3652 0.2826]
 [0.1353 0.6681 0.1966]
 [0.7051 0.0953 0.1996]]

thres1: v12 | v11
[0.1758 0.0149 0.0533]

thres2: v12 | v11
[0.2090 0.0406 0.3947]

thres3: v12 | v11
[0.2558 0.0914 0.5780]

thres4: v12 | v11
[0.3105 0.1387 0.6223]

thres5: v12 | v11
[0.4792 0.8306 0.6477]

thres6: v12 | v11
[0.6315 0.8326 0.6722]

thres7: v12 | v11
[0.6736 0.8391 0.6858]

cpt: v18 | v24
[[0.1983 0.1630 0.5123 0.1265]
 [0.1973 0.3996 0.2437 0.1594]]

cpt1: v17 | v12 v18
[[[0.7835 0.2165]
  [0.1787 0.8213]
  [0.6785 0.3215]]

 [[0.0008 0.9992]
  [0.0000 1.0000]
  [0.0028 0.9972]]

 [[0.9962 0.0038]
  [0.3930 0.6070]
  [0.0013 0.9987]]

 [[0.0026 0.9974]
  [0.9383 0.0617]
  [0.9512 0.0488]]]

cpt2: v17 | v12 v18
[[[0.7264 0.2736]
  [0.0135 0.9865]
  [0.3348 0.6652]]

 [[0.0184 0.9816]
  [0.0121 0.9879]
  [0.0911 0.9089]]

 [[0.8657 0.1343]
  [0.7149 0.2851]
  [0.0137 0.9863]]

 [[0.3242 0.6758]
  [0.6037 0.3963]
  [0.8911 0.1089]]]

cpt3: v17 | v12 v18
[[[0.7685 0.2315]
  [0.0058 0.9942]
  [0.4053 0.5947]]

 [[0.0538 0.9462]
  [0.0336 0.9664]
  [0.1957 0.8043]]

 [[0.8514 0.1486]
  [0.6468 0.3532]
  [0.0148 0.9852]]

 [[0.5674 0.4326]
  [0.3049 0.6951]
  [0.8911 0.1089]]]

cpt4: v17 | v12 v18
[[[0.2960 0.7040]
  [0.0105 0.9895]
  [0.5284 0.4716]]

 [[0.0538 0.9462]
  [0.0336 0.9664]
  [0.1957 0.8043]]

 [[0.8514 0.1486]
  [0.6468 0.3532]
  [0.0326 0.9674]]

 [[0.5674 0.4326]
  [0.5092 0.4908]
  [0.8911 0.1089]]]

cpt5: v17 | v12 v18
[[[0.3655 0.6345]
  [0.4671 0.5329]
  [0.5284 0.4716]]

 [[0.0538 0.9462]
  [0.0336 0.9664]
  [0.1957 0.8043]]

 [[0.8514 0.1486]
  [0.6468 0.3532]
  [0.0730 0.9270]]

 [[0.5674 0.4326]
  [0.5092 0.4908]
  [0.8911 0.1089]]]

cpt6: v17 | v12 v18
[[[0.8583 0.1417]
  [0.1960 0.8040]
  [0.5284 0.4716]]

 [[0.0538 0.9462]
  [0.0336 0.9664]
  [0.1957 0.8043]]

 [[0.8514 0.1486]
  [0.6468 0.3532]
  [0.2292 0.7708]]

 [[0.5674 0.4326]
  [0.5092 0.4908]
  [0.8911 0.1089]]]

cpt7: v17 | v12 v18
[[[0.8657 0.1343]
  [0.1960 0.8040]
  [0.5284 0.4716]]

 [[0.0538 0.9462]
  [0.0336 0.9664]
  [0.1957 0.8043]]

 [[0.8514 0.1486]
  [0.6468 0.3532]
  [0.3742 0.6258]]

 [[0.5674 0.4326]
  [0.5092 0.4908]
  [0.8911 0.1089]]]

cpt8: v17 | v12 v18
[[[0.8657 0.1343]
  [0.1960 0.8040]
  [0.5284 0.4716]]

 [[0.0538 0.9462]
  [0.0336 0.9664]
  [0.1957 0.8043]]

 [[0.8514 0.1486]
  [0.6468 0.3532]
  [0.3890 0.6110]]

 [[0.5674 0.4326]
  [0.5092 0.4908]
  [0.8911 0.1089]]]

thres1: v17 | v12 v18
[[0.7020 0.0003 0.6684]
 [0.5133 0.4120 0.6368]
 [0.6255 0.6976 0.9021]
 [0.8033 0.7952 0.5599]]

thres2: v17 | v12 v18
[[0.7067 0.0004 0.7044]
 [0.5894 0.5164 0.6664]
 [0.6372 0.7159 0.9067]
 [0.8108 0.8019 0.5901]]

thres3: v17 | v12 v18
[[0.7335 0.0110 0.7349]
 [0.6145 0.5517 0.6738]
 [0.6492 0.7201 0.9074]
 [0.8166 0.8149 0.6071]]

thres4: v17 | v12 v18
[[0.7410 0.6887 0.7459]
 [0.6400 0.5896 0.6793]
 [0.6624 0.7275 0.9081]
 [0.8259 0.8250 0.6326]]

thres5: v17 | v12 v18
[[0.7498 0.7354 0.7533]
 [0.6605 0.6112 0.6953]
 [0.7270 0.7414 0.9082]
 [0.8328 0.8279 0.6851]]

thres6: v17 | v12 v18
[[0.7568 0.7462 0.7607]
 [0.6774 0.6645 0.7219]
 [0.7353 0.7582 0.9084]
 [0.8343 0.8315 0.6898]]

thres7: v17 | v12 v18
[[0.7813 0.7749 0.7653]
 [0.7085 0.6857 0.7512]
 [0.7487 0.7787 0.9114]
 [0.8391 0.8339 0.7231]]

cpt: v16 | 
[0.9244 0.0756]

cpt1: v13 | v12 v16
[[[0.9970 0.0030]
  [0.8813 0.1187]
  [1.0000 0.0000]]

 [[0.9398 0.0602]
  [0.9917 0.0083]
  [0.9998 0.0002]]]

cpt2: v13 | v12 v16
[[[0.9706 0.0294]
  [0.9139 0.0861]
  [0.9988 0.0012]]

 [[0.0012 0.9988]
  [0.0015 0.9985]
  [0.9851 0.0149]]]

cpt3: v13 | v12 v16
[[[0.9887 0.0113]
  [0.0216 0.9784]
  [0.9480 0.0520]]

 [[0.8248 0.1752]
  [0.0251 0.9749]
  [0.4413 0.5587]]]

cpt4: v13 | v12 v16
[[[0.1491 0.8509]
  [0.4451 0.5549]
  [0.8311 0.1689]]

 [[0.8533 0.1467]
  [0.0335 0.9665]
  [0.1977 0.8023]]]

cpt5: v13 | v12 v16
[[[0.6972 0.3028]
  [0.1960 0.8040]
  [0.5323 0.4677]]

 [[0.6812 0.3188]
  [0.0336 0.9664]
  [0.1957 0.8043]]]

cpt6: v13 | v12 v16
[[[0.8817 0.1183]
  [0.1960 0.8040]
  [0.5284 0.4716]]

 [[0.0210 0.9790]
  [0.0336 0.9664]
  [0.1957 0.8043]]]

cpt7: v13 | v12 v16
[[[0.6402 0.3598]
  [0.1960 0.8040]
  [0.5284 0.4716]]

 [[0.0008 0.9992]
  [0.0336 0.9664]
  [0.1957 0.8043]]]

cpt8: v13 | v12 v16
[[[0.8657 0.1343]
  [0.1960 0.8040]
  [0.5284 0.4716]]

 [[0.0014 0.9986]
  [0.0336 0.9664]
  [0.1957 0.8043]]]

thres1: v13 | v12 v16
[[0.0241 0.0001 0.4486]
 [0.0031 0.4135 0.2084]]

thres2: v13 | v12 v16
[[0.9211 0.0003 0.6587]
 [0.0091 0.5960 0.5601]]

thres3: v13 | v12 v16
[[0.9227 0.8187 0.6969]
 [0.9396 0.6144 0.5720]]

thres4: v13 | v12 v16
[[0.9233 0.8302 0.7031]
 [0.9417 0.6360 0.5806]]

thres5: v13 | v12 v16
[[0.9245 0.8419 0.7074]
 [0.9422 0.6466 0.6065]]

thres6: v13 | v12 v16
[[0.9247 0.8431 0.7117]
 [0.9423 0.6845 0.6487]]

thres7: v13 | v12 v16
[[0.9255 0.8496 0.7142]
 [0.9427 0.6963 0.6948]]

cpt: v3 | v2 v13
[[[0.9999 0.0001]
  [0.2838 0.7162]]

 [[0.9998 0.0002]
  [0.1394 0.8606]]

 [[0.0991 0.9009]
  [0.0977 0.9023]]]

cpt: v2 | 
[0.9922 0.0078 0.0001]

cpt1: v21 | v8 v12
[[[0.7268 0.0368 0.2134 0.0049 0.0180]
  [0.0143 0.0733 0.5622 0.0573 0.2929]
  [0.0757 0.0043 0.0131 0.9060 0.0009]]

 [[0.0068 0.9537 0.0122 0.0158 0.0116]
  [0.0246 0.1400 0.1525 0.6473 0.0356]
  [0.0072 0.9779 0.0037 0.0040 0.0072]]]

cpt2: v21 | v8 v12
[[[0.2151 0.3320 0.1220 0.0944 0.2364]
  [0.0098 0.0173 0.1236 0.0321 0.8171]
  [0.0107 0.0086 0.0407 0.9370 0.0030]]

 [[0.0008 0.0220 0.0045 0.9617 0.0110]
  [0.0340 0.8093 0.0306 0.1146 0.0115]
  [0.0042 0.9906 0.0018 0.0013 0.0022]]]

cpt3: v21 | v8 v12
[[[0.4061 0.1060 0.3310 0.0501 0.1067]
  [0.0002 0.0002 0.0002 0.9994 0.0001]
  [0.0001 0.0000 0.0004 0.0002 0.9993]]

 [[0.0276 0.6836 0.0872 0.1015 0.1001]
  [0.0146 0.0236 0.1608 0.7501 0.0509]
  [0.0109 0.9790 0.0042 0.0024 0.0035]]]

cpt4: v21 | v8 v12
[[[0.3881 0.0926 0.3746 0.0457 0.0989]
  [0.2588 0.0914 0.4356 0.2089 0.0052]
  [0.2001 0.0136 0.0808 0.0588 0.6467]]

 [[0.0372 0.5988 0.1170 0.1414 0.1056]
  [0.0356 0.0944 0.2485 0.5506 0.0709]
  [0.0118 0.9731 0.0067 0.0028 0.0056]]]

cpt5: v21 | v8 v12
[[[0.4532 0.1891 0.1358 0.0658 0.1560]
  [0.0347 0.0587 0.7699 0.1206 0.0161]
  [0.0139 0.0098 0.9516 0.0059 0.0188]]

 [[0.0359 0.6137 0.1139 0.1341 0.1024]
  [0.0468 0.3639 0.1865 0.3306 0.0722]
  [0.0657 0.8553 0.0298 0.0132 0.0361]]]

cpt6: v21 | v8 v12
[[[0.4313 0.1010 0.0921 0.1005 0.2751]
  [0.0337 0.2312 0.5799 0.1123 0.0429]
  [0.0191 0.0663 0.9020 0.0054 0.0072]]

 [[0.0345 0.6350 0.1127 0.1214 0.0964]
  [0.0319 0.6679 0.1006 0.1534 0.0462]
  [0.0600 0.8373 0.0413 0.0140 0.0475]]]

cpt7: v21 | v8 v12
[[[0.3293 0.1073 0.0804 0.1270 0.3561]
  [0.0352 0.4409 0.3187 0.1106 0.0947]
  [0.0670 0.3679 0.5320 0.0177 0.0154]]

 [[0.0302 0.6938 0.1090 0.0886 0.0783]
  [0.0278 0.7225 0.0845 0.1254 0.0398]
  [0.0631 0.7606 0.0667 0.0208 0.0887]]]

cpt8: v21 | v8 v12
[[[0.4876 0.0756 0.1086 0.0876 0.2407]
  [0.0374 0.5986 0.2047 0.0791 0.0802]
  [0.0845 0.2021 0.6690 0.0144 0.0301]]

 [[0.0282 0.7175 0.1077 0.0764 0.0702]
  [0.0269 0.7347 0.0809 0.1191 0.0383]
  [0.0474 0.8120 0.0635 0.0146 0.0624]]]

thres1: v21 | v8 v12
[[0.9875 0.0000 0.0019]
 [0.0002 0.0001 0.0005]]

thres2: v21 | v8 v12
[[0.9875 0.0000 0.0045]
 [0.9916 0.9926 0.9972]]

thres3: v21 | v8 v12
[[0.9875 0.9999 0.9933]
 [0.9916 0.9926 0.9972]]

thres4: v21 | v8 v12
[[0.9875 0.9999 0.9934]
 [0.9916 0.9926 0.9972]]

thres5: v21 | v8 v12
[[0.9876 0.9999 0.9934]
 [0.9916 0.9927 0.9972]]

thres6: v21 | v8 v12
[[0.9876 0.9999 0.9934]
 [0.9916 0.9927 0.9972]]

thres7: v21 | v8 v12
[[0.9876 0.9999 0.9934]
 [0.9917 0.9927 0.9972]]

cpt: v15 | v1 v7
[[[0.0096 0.9904]
  [0.9573 0.0427]
  [0.9989 0.0011]
  [0.8575 0.1425]
  [0.0065 0.9935]]

 [[0.0006 0.9994]
  [0.9847 0.0153]
  [0.9998 0.0002]
  [0.9519 0.0481]
  [0.9770 0.0230]]

 [[0.0002 0.9998]
  [0.9955 0.0045]
  [0.9999 0.0001]
  [0.0412 0.9588]
  [0.9882 0.0118]]

 [[0.0014 0.9986]
  [0.7747 0.2253]
  [0.9986 0.0014]
  [0.0163 0.9837]
  [0.9884 0.0116]]]

cpt: v7 | 
[0.0015 0.0120 0.9804 0.0062]

cpt: v19 | v6
[[0.7339 0.1099 0.1562]
 [0.0463 0.1799 0.7738]]

cpt: v20 | v15 v19
[[[0.8659 0.1341]
  [0.2064 0.7936]]

 [[0.4717 0.5283]
  [0.0532 0.9468]]

 [[0.0304 0.9696]
  [0.1726 0.8274]]]

cpt: v1 | v21
[[0.8429 0.0319 0.0511 0.0562 0.0178]
 [0.0531 0.0376 0.0327 0.8401 0.0365]
 [0.9184 0.0075 0.0490 0.0186 0.0065]
 [0.9998 0.0000 0.0000 0.0001 0.0001]
 [0.0000 0.0026 0.9963 0.0001 0.0010]]

cpt: v23 | v5 v14 v17 v22
[[[[[0.9984 0.0008 0.0009]
    [0.9931 0.0026 0.0042]]

   [[0.0145 0.0899 0.8956]
    [0.0002 0.9997 0.0001]]]


  [[[0.0004 0.9993 0.0004]
    [0.0031 0.9964 0.0004]]

   [[0.9986 0.0007 0.0007]
    [0.9315 0.0622 0.0063]]]


  [[[0.3040 0.6432 0.0528]
    [0.9839 0.0150 0.0011]]

   [[0.0348 0.1833 0.7818]
    [0.9965 0.0026 0.0010]]]]



 [[[[0.0050 0.9923 0.0027]
    [0.0033 0.9940 0.0028]]

   [[0.9992 0.0003 0.0005]
    [0.0002 0.9998 0.0000]]]


  [[[0.0063 0.0420 0.9517]
    [0.0055 0.9938 0.0006]]

   [[0.0000 0.9999 0.0001]
    [0.9977 0.0003 0.0020]]]


  [[[0.0982 0.1590 0.7428]
    [0.9989 0.0009 0.0002]]

   [[0.0014 0.9971 0.0015]
    [0.0185 0.9290 0.0525]]]]



 [[[[0.2185 0.4582 0.3233]
    [0.0646 0.2578 0.6777]]

   [[0.0006 0.9993 0.0001]
    [0.9996 0.0002 0.0002]]]


  [[[0.1057 0.3585 0.5359]
    [0.0422 0.3010 0.6568]]

   [[0.0007 0.9991 0.0002]
    [0.0005 0.9994 0.0002]]]


  [[[0.9079 0.0804 0.0117]
    [0.3149 0.5467 0.1384]]

   [[0.0222 0.0676 0.9103]
    [0.0449 0.2890 0.6661]]]]]

cpt: v5 | 
[0.4076 0.2612 0.3313]

cpt: v14 | 
[0.7682 0.2161 0.0157]

cpt: v22 | 
[0.2626 0.7374]

cpt1: v0 | v23
[[0.8181 0.1819]
 [0.1960 0.8040]
 [0.4846 0.5154]]

cpt2: v0 | v23
[[0.9564 0.0436]
 [0.1960 0.8040]
 [0.1434 0.8566]]

cpt3: v0 | v23
[[0.9226 0.0774]
 [0.0938 0.9062]
 [0.1403 0.8597]]

cpt4: v0 | v23
[[0.9137 0.0863]
 [0.0112 0.9888]
 [0.5252 0.4748]]

cpt5: v0 | v23
[[0.9996 0.0004]
 [0.0052 0.9948]
 [0.5284 0.4716]]

cpt6: v0 | v23
[[0.8384 0.1616]
 [0.0126 0.9874]
 [0.5284 0.4716]]

cpt7: v0 | v23
[[0.3011 0.6989]
 [0.0080 0.9920]
 [0.5284 0.4716]]

cpt8: v0 | v23
[[0.8657 0.1343]
 [0.0638 0.9362]
 [0.5284 0.4716]]

thres1: v0 | v23
[0.0379 0.0034 0.0020]

thres2: v0 | v23
[0.0431 0.0182 0.0046]

thres3: v0 | v23
[0.0535 0.1939 0.7030]

thres4: v0 | v23
[0.0634 0.2433 0.7415]

thres5: v0 | v23
[0.7306 0.7655 0.7585]

thres6: v0 | v23
[0.7406 0.7699 0.7750]

thres7: v0 | v23
[0.7888 0.7774 0.7818]

