cpt: v11 | 
[0.2816 0.5665 0.1519]

cpt: v3 | 
[0.2485 0.7515]

cpt1: v14 | v3
[[0.2506 0.7494]
 [0.9363 0.0637]]

cpt2: v14 | v3
[[0.2519 0.7481]
 [0.9363 0.0637]]

cpt3: v14 | v3
[[0.2510 0.7490]
 [0.9363 0.0637]]

cpt4: v14 | v3
[[0.2509 0.7491]
 [0.9363 0.0637]]

cpt5: v14 | v3
[[0.2509 0.7491]
 [0.9361 0.0639]]

thres1: v14 | v3
[0.0904 0.3404]

thres2: v14 | v3
[0.3358 0.3557]

thres3: v14 | v3
[0.3663 0.5630]

thres4: v14 | v3
[0.4592 0.6615]

thres5: v14 | v3
[0.7011 0.6917]

cpt: v5 | 
[0.0000 1.0000]

cpt1: v15 | v5
[[0.9720 0.0280]
 [0.9363 0.0637]]

cpt2: v15 | v5
[[0.4144 0.5856]
 [0.9363 0.0637]]

cpt3: v15 | v5
[[0.2863 0.7137]
 [0.9363 0.0637]]

cpt4: v15 | v5
[[0.2509 0.7491]
 [0.9851 0.0149]]

cpt5: v15 | v5
[[0.2509 0.7491]
 [0.8548 0.1452]]

thres1: v15 | v5
[0.0631 0.1807]

thres2: v15 | v5
[0.2368 0.2031]

thres3: v15 | v5
[0.2713 0.3429]

thres4: v15 | v5
[0.3871 0.4383]

thres5: v15 | v5
[0.7226 0.7031]

cpt: v6 | 
[0.9393 0.0607]

cpt1: v19 | v6
[[0.9965 0.0035]
 [0.0014 0.9986]]

cpt2: v19 | v6
[[0.9891 0.0109]
 [0.0001 0.9999]]

cpt3: v19 | v6
[[0.9943 0.0057]
 [0.9998 0.0002]]

cpt4: v19 | v6
[[0.9863 0.0137]
 [0.7186 0.2814]]

cpt5: v19 | v6
[[0.0000 1.0000]
 [0.0001 0.9999]]

thres1: v19 | v6
[0.0000 0.0013]

thres2: v19 | v6
[0.0001 0.0066]

thres3: v19 | v6
[0.0001 0.3410]

thres4: v19 | v6
[0.0001 0.4312]

thres5: v19 | v6
[0.9999 0.7269]

cpt: v12 | 
[0.0007 0.9993]

cpt: v2 | 
[0.0002 0.9998]

cpt1: v4 | v2 v12
[[[0.0003 0.9841 0.0156]
  [0.0419 0.9537 0.0044]]

 [[0.0000 0.0001 0.9999]
  [0.9767 0.0231 0.0002]]]

cpt2: v4 | v2 v12
[[[0.1817 0.7813 0.0370]
  [0.2093 0.0099 0.7808]]

 [[0.0094 0.0048 0.9858]
  [0.8516 0.0308 0.1176]]]

cpt3: v4 | v2 v12
[[[0.2238 0.6799 0.0963]
  [0.4967 0.0338 0.4695]]

 [[0.1865 0.4077 0.4058]
  [0.0001 0.0047 0.9952]]]

cpt4: v4 | v2 v12
[[[0.2225 0.6642 0.1133]
  [0.4967 0.0338 0.4695]]

 [[0.3477 0.0025 0.6498]
  [0.0007 0.0050 0.9944]]]

cpt5: v4 | v2 v12
[[[0.2225 0.6642 0.1133]
  [0.4967 0.0338 0.4695]]

 [[0.0001 0.0393 0.9606]
  [0.0015 0.9957 0.0027]]]

thres1: v4 | v2 v12
[[0.1978 0.2023]
 [0.0489 0.0015]]

thres2: v4 | v2 v12
[[0.6783 0.3441]
 [0.5337 0.9981]]

thres3: v4 | v2 v12
[[0.6841 0.5282]
 [0.5754 0.9981]]

thres4: v4 | v2 v12
[[0.6992 0.6331]
 [0.6367 0.9981]]

thres5: v4 | v2 v12
[[0.7405 0.6760]
 [0.7121 0.9981]]

cpt: v8 | 
[0.1999 0.8001]

cpt: v18 | 
[0.7938 0.2062]

cpt1: v1 | v8 v18
[[[0.0007 0.9993]
  [1.0000 0.0000]]

 [[0.0000 1.0000]
  [0.0008 0.9992]]]

cpt2: v1 | v8 v18
[[[0.0015 0.9985]
  [0.0010 0.9990]]

 [[0.0000 1.0000]
  [0.0017 0.9983]]]

cpt3: v1 | v8 v18
[[[0.0604 0.9396]
  [0.9986 0.0014]]

 [[0.0000 1.0000]
  [0.4011 0.5989]]]

cpt4: v1 | v8 v18
[[[0.1064 0.8936]
  [0.0000 1.0000]]

 [[1.0000 0.0000]
  [0.4120 0.5880]]]

cpt5: v1 | v8 v18
[[[0.0556 0.9444]
  [0.8128 0.1872]]

 [[1.0000 0.0000]
  [0.6693 0.3307]]]

thres1: v1 | v8 v18
[[0.0006 0.0000]
 [1.0000 0.0030]]

thres2: v1 | v8 v18
[[0.9994 0.9003]
 [1.0000 0.0030]]

thres3: v1 | v8 v18
[[0.9994 0.9003]
 [1.0000 0.9782]]

thres4: v1 | v8 v18
[[0.9994 0.9102]
 [1.0000 0.9783]]

thres5: v1 | v8 v18
[[0.9994 0.9102]
 [1.0000 0.9786]]

cpt1: v7 | v12 v15
[[[0.0752 0.9248]
  [0.9869 0.0131]]

 [[0.0709 0.9291]
  [0.9964 0.0036]]]

cpt2: v7 | v12 v15
[[[0.6847 0.3153]
  [0.8066 0.1934]]

 [[0.0001 0.9999]
  [0.0999 0.9001]]]

cpt3: v7 | v12 v15
[[[0.5783 0.4217]
  [0.9363 0.0637]]

 [[0.0000 1.0000]
  [0.0026 0.9974]]]

cpt4: v7 | v12 v15
[[[0.0043 0.9957]
  [0.9363 0.0637]]

 [[0.0011 0.9989]
  [0.0943 0.9057]]]

cpt5: v7 | v12 v15
[[[0.0430 0.9570]
  [0.9363 0.0637]]

 [[0.9612 0.0388]
  [0.0004 0.9996]]]

thres1: v7 | v12 v15
[[0.0048 0.2556]
 [0.0000 0.0043]]

thres2: v7 | v12 v15
[[0.0967 0.4429]
 [0.0002 0.0173]]

thres3: v7 | v12 v15
[[0.0971 0.5666]
 [0.0235 0.0945]]

thres4: v7 | v12 v15
[[0.9116 0.6432]
 [0.0235 0.6671]]

thres5: v7 | v12 v15
[[0.9116 0.6767]
 [0.9770 0.7576]]

cpt1: v0 | v19
[[0.0000 0.0000 1.0000]
 [0.0336 0.9649 0.0015]]

cpt2: v0 | v19
[[0.0000 0.0000 0.9999]
 [0.0300 0.9693 0.0007]]

cpt3: v0 | v19
[[0.0024 0.0000 0.9976]
 [0.3820 0.4805 0.1375]]

cpt4: v0 | v19
[[0.0010 0.0012 0.9978]
 [0.0000 0.0000 1.0000]]

cpt5: v0 | v19
[[0.9972 0.0019 0.0009]
 [0.8353 0.1647 0.0001]]

thres1: v0 | v19
[0.0003 0.0000]

thres2: v0 | v19
[0.0018 0.0001]

thres3: v0 | v19
[0.9590 0.0001]

thres4: v0 | v19
[0.9606 0.9976]

thres5: v0 | v19
[0.9606 0.9976]

cpt1: v9 | v6 v7 v8
[[[[0.4548 0.2900 0.2551]
   [0.0000 0.0000 1.0000]]

  [[0.0001 0.0022 0.9977]
   [0.9998 0.0000 0.0002]]]


 [[[0.9719 0.0209 0.0071]
   [1.0000 0.0000 0.0000]]

  [[0.9944 0.0054 0.0002]
   [0.0000 0.0000 1.0000]]]]

cpt2: v9 | v6 v7 v8
[[[[0.5347 0.2335 0.2318]
   [1.0000 0.0000 0.0000]]

  [[0.9972 0.0018 0.0009]
   [0.0000 1.0000 0.0000]]]


 [[[0.8737 0.0530 0.0733]
   [0.0000 0.0000 1.0000]]

  [[0.8211 0.1546 0.0243]
   [0.9980 0.0000 0.0020]]]]

cpt3: v9 | v6 v7 v8
[[[[0.2616 0.6097 0.1286]
   [1.0000 0.0000 0.0000]]

  [[0.9951 0.0028 0.0021]
   [0.9998 0.0000 0.0002]]]


 [[[0.9184 0.0003 0.0813]
   [0.0010 0.9951 0.0040]]

  [[0.0292 0.8849 0.0860]
   [0.0012 0.0009 0.9979]]]]

cpt4: v9 | v6 v7 v8
[[[[0.2225 0.6642 0.1133]
   [0.0002 0.9997 0.0000]]

  [[0.0106 0.9846 0.0048]
   [0.0274 0.9603 0.0123]]]


 [[[0.0529 0.0681 0.8790]
   [0.0000 0.9965 0.0035]]

  [[0.0045 0.9430 0.0525]
   [0.7938 0.0818 0.1243]]]]

cpt5: v9 | v6 v7 v8
[[[[0.2225 0.6642 0.1133]
   [0.0016 0.9983 0.0001]]

  [[0.9354 0.0187 0.0459]
   [0.0011 0.9926 0.0063]]]


 [[[0.5225 0.2847 0.1928]
   [0.0126 0.0322 0.9552]]

  [[0.9246 0.0576 0.0178]
   [0.0004 0.9996 0.0000]]]]

thres1: v9 | v6 v7 v8
[[[0.2233 0.9998]
  [0.9873 0.0050]]

 [[0.0210 0.0000]
  [0.1355 0.0000]]]

thres2: v9 | v6 v7 v8
[[[0.7395 0.9998]
  [0.9873 0.0106]]

 [[0.5878 0.0000]
  [0.8558 0.0000]]]

thres3: v9 | v6 v7 v8
[[[0.7416 0.9998]
  [0.9874 0.8672]]

 [[0.6273 0.0000]
  [0.8562 1.0000]]]

thres4: v9 | v6 v7 v8
[[[0.7481 0.9998]
  [0.9874 0.8831]]

 [[0.6689 0.0000]
  [0.8570 1.0000]]]

thres5: v9 | v6 v7 v8
[[[0.7679 0.9998]
  [0.9874 0.8835]]

 [[0.7327 1.0000]
  [0.8603 1.0000]]]

cpt: v16 | 
[0.0000 1.0000]

cpt: v10 | 
[0.0734 0.9266]

cpt1: v17 | v7 v10 v16
[[[[0.1675 0.7951 0.0374]
   [0.9874 0.0039 0.0087]]

  [[0.0019 0.0004 0.9977]
   [0.9992 0.0004 0.0005]]]


 [[[0.9837 0.0094 0.0068]
   [0.5043 0.0011 0.4947]]

  [[0.0002 0.9997 0.0001]
   [0.7696 0.0743 0.1561]]]]

cpt2: v17 | v7 v10 v16
[[[[0.1703 0.7231 0.1066]
   [0.9481 0.0143 0.0376]]

  [[0.9705 0.0004 0.0291]
   [0.0001 0.9997 0.0002]]]


 [[[0.7419 0.0529 0.2051]
   [0.0487 0.1787 0.7726]]

  [[0.0004 0.0002 0.9994]
   [0.0313 0.9686 0.0001]]]]

cpt3: v17 | v7 v10 v16
[[[[0.2193 0.6677 0.1130]
   [0.7968 0.0254 0.1778]]

  [[0.9970 0.0007 0.0023]
   [0.0000 0.0000 1.0000]]]


 [[[0.6958 0.1051 0.1991]
   [0.1557 0.4370 0.4073]]

  [[0.0003 0.9996 0.0001]
   [0.0003 0.9993 0.0004]]]]

cpt4: v17 | v7 v10 v16
[[[[0.2225 0.6642 0.1133]
   [0.5666 0.0329 0.4005]]

  [[0.0005 0.0001 0.9994]
   [0.0001 0.0000 0.9999]]]


 [[[0.7025 0.1071 0.1904]
   [0.0365 0.1645 0.7991]]

  [[0.0003 0.9996 0.0001]
   [0.0316 0.9684 0.0000]]]]

cpt5: v17 | v7 v10 v16
[[[[0.2225 0.6642 0.1133]
   [0.5260 0.0335 0.4405]]

  [[0.0008 0.0014 0.9979]
   [0.0073 0.3323 0.6604]]]


 [[[0.7026 0.1071 0.1903]
   [0.0365 0.1645 0.7991]]

  [[0.0004 0.9995 0.0001]
   [0.0335 0.9665 0.0001]]]]

thres1: v17 | v7 v10 v16
[[[0.1722 0.5266]
  [0.3013 0.0001]]

 [[0.4029 0.0954]
  [0.9983 0.0022]]]

thres2: v17 | v7 v10 v16
[[[0.6150 0.6128]
  [0.7591 0.0001]]

 [[0.5001 0.7680]
  [0.9983 0.9978]]]

thres3: v17 | v7 v10 v16
[[[0.6283 0.6770]
  [0.7601 0.0001]]

 [[0.5428 0.7892]
  [0.9983 0.9978]]]

thres4: v17 | v7 v10 v16
[[[0.6588 0.7040]
  [0.7664 0.9994]]

 [[0.5816 0.8002]
  [0.9983 0.9978]]]

thres5: v17 | v7 v10 v16
[[[0.7189 0.7164]
  [0.7694 0.9994]]

 [[0.6921 0.8037]
  [0.9983 0.9978]]]

cpt1: v13 | v11 v14 v17
[[[[0.2225 0.6642 0.1133]
   [0.4967 0.0338 0.4695]
   [0.7783 0.0887 0.1330]]

  [[0.1791 0.0772 0.7437]
   [0.6999 0.1097 0.1904]
   [0.0365 0.1645 0.7991]]]


 [[[0.5364 0.3717 0.0920]
   [0.1458 0.2172 0.6370]
   [0.1528 0.5445 0.3027]]

  [[0.4403 0.3550 0.2047]
   [0.1796 0.4998 0.3207]
   [0.8072 0.1701 0.0228]]]


 [[[0.2360 0.6803 0.0837]
   [0.2448 0.1335 0.6218]
   [0.3680 0.5731 0.0589]]

  [[0.2910 0.0562 0.6528]
   [0.2315 0.0416 0.7269]
   [0.6087 0.3398 0.0516]]]]

cpt2: v13 | v11 v14 v17
[[[[0.2225 0.6642 0.1133]
   [0.4967 0.0338 0.4695]
   [0.7783 0.0887 0.1330]]

  [[0.1737 0.0757 0.7506]
   [0.7025 0.1072 0.1903]
   [0.0365 0.1645 0.7991]]]


 [[[0.5364 0.3717 0.0920]
   [0.1458 0.2172 0.6370]
   [0.1528 0.5445 0.3027]]

  [[0.4472 0.3376 0.2152]
   [0.1759 0.5118 0.3123]
   [0.8080 0.1692 0.0228]]]


 [[[0.2360 0.6803 0.0837]
   [0.2448 0.1335 0.6218]
   [0.3680 0.5731 0.0589]]

  [[0.3747 0.0591 0.5663]
   [0.2019 0.0394 0.7586]
   [0.6010 0.3464 0.0527]]]]

cpt3: v13 | v11 v14 v17
[[[[0.2225 0.6642 0.1133]
   [0.4967 0.0338 0.4695]
   [0.7783 0.0887 0.1330]]

  [[0.1799 0.0776 0.7425]
   [0.7026 0.1071 0.1903]
   [0.0364 0.1630 0.8006]]]


 [[[0.5364 0.3717 0.0920]
   [0.1458 0.2172 0.6370]
   [0.1528 0.5445 0.3027]]

  [[0.4472 0.3376 0.2152]
   [0.1774 0.5075 0.3151]
   [0.8080 0.1692 0.0228]]]


 [[[0.2360 0.6803 0.0837]
   [0.2448 0.1335 0.6218]
   [0.3680 0.5731 0.0589]]

  [[0.2840 0.0559 0.6601]
   [0.2347 0.0418 0.7235]
   [0.6010 0.3464 0.0527]]]]

cpt4: v13 | v11 v14 v17
[[[[0.2225 0.6642 0.1133]
   [0.4970 0.0339 0.4692]
   [0.7783 0.0887 0.1330]]

  [[0.1793 0.0773 0.7434]
   [0.7026 0.1071 0.1903]
   [0.0365 0.1645 0.7991]]]


 [[[0.5364 0.3717 0.0920]
   [0.1458 0.2170 0.6371]
   [0.1528 0.5445 0.3027]]

  [[0.4472 0.3376 0.2152]
   [0.1774 0.5075 0.3151]
   [0.8080 0.1692 0.0228]]]


 [[[0.2360 0.6803 0.0837]
   [0.2446 0.1334 0.6220]
   [0.3706 0.5711 0.0583]]

  [[0.2840 0.0559 0.6601]
   [0.2347 0.0418 0.7235]
   [0.6010 0.3464 0.0527]]]]

cpt5: v13 | v11 v14 v17
[[[[0.2203 0.6605 0.1192]
   [0.5026 0.0346 0.4628]
   [0.7848 0.0855 0.1297]]

  [[0.1792 0.0773 0.7435]
   [0.7026 0.1071 0.1903]
   [0.0365 0.1645 0.7991]]]


 [[[0.4855 0.4289 0.0856]
   [0.1445 0.2088 0.6467]
   [0.1512 0.5636 0.2852]]

  [[0.4472 0.3376 0.2152]
   [0.1774 0.5075 0.3151]
   [0.8080 0.1692 0.0228]]]


 [[[0.4081 0.5106 0.0813]
   [0.1558 0.1103 0.7340]
   [0.3727 0.5696 0.0577]]

  [[0.2840 0.0559 0.6601]
   [0.2347 0.0418 0.7235]
   [0.6010 0.3464 0.0527]]]]

thres1: v13 | v11 v14 v17
[[[0.0903 0.3404 0.3080]
  [0.0867 0.3276 0.0077]]

 [[0.2621 0.0975 0.0552]
  [0.3544 0.1196 0.5076]]

 [[0.1424 0.1717 0.2799]
  [0.1487 0.1616 0.3363]]]

thres2: v13 | v11 v14 v17
[[[0.3356 0.3557 0.3323]
  [0.1208 0.3611 0.0424]]

 [[0.3962 0.2287 0.2412]
  [0.5272 0.4207 0.5599]]

 [[0.4945 0.2492 0.5939]
  [0.1737 0.1858 0.4650]]]

thres3: v13 | v11 v14 v17
[[[0.3662 0.5630 0.3674]
  [0.4368 0.4178 0.2049]]

 [[0.4233 0.5574 0.3242]
  [0.6078 0.5439 0.5662]]

 [[0.5200 0.5767 0.6120]
  [0.4593 0.5915 0.4808]]]

thres4: v13 | v11 v14 v17
[[[0.4591 0.6615 0.5891]
  [0.4845 0.4690 0.6896]]

 [[0.4740 0.6522 0.3332]
  [0.6515 0.5756 0.6947]]

 [[0.5597 0.6309 0.6966]
  [0.6555 0.6846 0.5822]]]

thres5: v13 | v11 v14 v17
[[[0.7011 0.6917 0.6934]
  [0.7071 0.7058 0.7448]]

 [[0.6967 0.6928 0.7501]
  [0.6850 0.6843 0.7178]]

 [[0.6979 0.6938 0.7031]
  [0.6946 0.7109 0.6845]]]

