cpt: v25 | v8 v13
[[[0.0024 0.0562 0.0030 0.9302 0.0081]
  [0.0066 0.0167 0.6293 0.3442 0.0031]
  [0.0541 0.0149 0.0672 0.8573 0.0064]
  [0.0068 0.0240 0.0001 0.0046 0.9644]
  [0.0037 0.9890 0.0001 0.0012 0.0059]]

 [[0.0217 0.0560 0.0023 0.9015 0.0185]
  [0.5730 0.1529 0.1221 0.1351 0.0170]
  [0.8518 0.0420 0.0758 0.0255 0.0049]
  [0.0037 0.0043 0.0034 0.9832 0.0053]
  [0.0177 0.0161 0.0012 0.0178 0.9473]]

 [[0.0104 0.1788 0.0020 0.0386 0.7701]
  [0.0282 0.0074 0.1364 0.8180 0.0100]
  [0.0975 0.0368 0.7808 0.0821 0.0028]
  [0.0078 0.8265 0.0023 0.1043 0.0591]
  [0.2666 0.2508 0.0014 0.0179 0.4632]]

 [[0.0741 0.0238 0.0014 0.8969 0.0037]
  [0.0909 0.2579 0.3798 0.2314 0.0400]
  [0.0552 0.0052 0.8128 0.1201 0.0068]
  [0.0157 0.0081 0.0021 0.0187 0.9553]
  [0.0318 0.8913 0.0017 0.0278 0.0474]]

 [[0.3007 0.0222 0.0022 0.6662 0.0087]
  [0.2381 0.0082 0.5926 0.1486 0.0125]
  [0.7037 0.0017 0.2006 0.0670 0.0270]
  [0.0025 0.0161 0.0029 0.0741 0.9043]
  [0.0284 0.8954 0.0007 0.0137 0.0618]]]

cpt: v13 | 
[0.0389 0.1409 0.0530 0.0454 0.7217]

cpt: v8 | v27
[[0.0066 0.0109 0.0027 0.4865 0.4933]
 [0.0095 0.4540 0.5119 0.0087 0.0159]]

cpt: v27 | 
[0.6772 0.3228]

cpt: v30 | v7 v11 v36
[[[[0.0139 0.2683 0.0828 0.2866 0.3484]
   [0.0325 0.6000 0.2746 0.0464 0.0465]
   [0.1100 0.3818 0.1313 0.1033 0.2736]
   [0.1668 0.0735 0.0065 0.0521 0.7010]
   [0.2204 0.5428 0.0191 0.1226 0.0952]]

  [[0.1771 0.1465 0.0267 0.1721 0.4776]
   [0.1637 0.3444 0.0890 0.2970 0.1058]
   [0.0694 0.2013 0.0645 0.5568 0.1081]
   [0.1676 0.0687 0.5281 0.1710 0.0646]
   [0.2858 0.1246 0.0731 0.1893 0.3272]]

  [[0.0144 0.4590 0.0135 0.0585 0.4546]
   [0.0221 0.0347 0.0542 0.8698 0.0193]
   [0.1195 0.2843 0.2364 0.3384 0.0214]
   [0.0186 0.1995 0.0642 0.6416 0.0761]
   [0.4679 0.0581 0.1628 0.2075 0.1037]]

  [[0.6108 0.1929 0.0432 0.1005 0.0525]
   [0.0586 0.6112 0.0648 0.2223 0.0431]
   [0.0640 0.0204 0.0330 0.8588 0.0239]
   [0.2004 0.0812 0.1726 0.3209 0.2249]
   [0.1594 0.2172 0.1216 0.4626 0.0392]]

  [[0.6052 0.1135 0.0585 0.1137 0.1092]
   [0.0265 0.0197 0.0482 0.8969 0.0087]
   [0.1467 0.0125 0.1650 0.5582 0.1175]
   [0.0171 0.0751 0.2894 0.4505 0.1679]
   [0.1703 0.0355 0.1417 0.5974 0.0552]]]


 [[[0.0500 0.0785 0.7365 0.1159 0.0191]
   [0.0656 0.2408 0.1368 0.5225 0.0343]
   [0.0606 0.0972 0.0673 0.6664 0.1085]
   [0.0076 0.0858 0.0089 0.8324 0.0653]
   [0.2636 0.1730 0.0815 0.4273 0.0545]]

  [[0.0524 0.0273 0.0384 0.7841 0.0978]
   [0.1008 0.0125 0.6609 0.1156 0.1102]
   [0.7675 0.0161 0.1538 0.0537 0.0089]
   [0.1288 0.0196 0.7166 0.0853 0.0498]
   [0.1161 0.1116 0.3061 0.1106 0.3557]]

  [[0.0786 0.6390 0.0492 0.2048 0.0285]
   [0.0032 0.9830 0.0019 0.0105 0.0015]
   [0.0155 0.3621 0.0675 0.4216 0.1332]
   [0.0511 0.3637 0.5176 0.0509 0.0167]
   [0.0233 0.9215 0.0124 0.0220 0.0209]]

  [[0.0243 0.0679 0.0069 0.8801 0.0208]
   [0.0148 0.0062 0.0270 0.9476 0.0044]
   [0.1873 0.0801 0.0397 0.6707 0.0222]
   [0.2695 0.0769 0.3419 0.2949 0.0167]
   [0.0533 0.1184 0.1219 0.6378 0.0686]]

  [[0.0785 0.2054 0.0212 0.6445 0.0504]
   [0.0046 0.0117 0.0120 0.9677 0.0040]
   [0.0526 0.0485 0.7162 0.1272 0.0554]
   [0.1146 0.1698 0.1940 0.4648 0.0568]
   [0.1251 0.0292 0.0448 0.7792 0.0217]]]


 [[[0.0983 0.0499 0.0871 0.2590 0.5057]
   [0.1793 0.2071 0.1647 0.3419 0.1070]
   [0.2596 0.2287 0.3386 0.1355 0.0376]
   [0.1027 0.2894 0.0324 0.0772 0.4983]
   [0.3917 0.2251 0.0650 0.2069 0.1113]]

  [[0.0500 0.1468 0.1788 0.4094 0.2150]
   [0.5458 0.0260 0.0317 0.3603 0.0362]
   [0.2589 0.2015 0.0669 0.3890 0.0838]
   [0.0368 0.2050 0.0717 0.4155 0.2709]
   [0.1792 0.1410 0.0988 0.3714 0.2097]]

  [[0.0439 0.0061 0.0172 0.8603 0.0725]
   [0.3823 0.0012 0.1885 0.3163 0.1116]
   [0.1407 0.0037 0.0485 0.7305 0.0766]
   [0.6417 0.0020 0.2436 0.0727 0.0401]
   [0.0844 0.0016 0.0116 0.8865 0.0160]]

  [[0.0309 0.6293 0.0360 0.1759 0.1279]
   [0.4283 0.0857 0.1957 0.2319 0.0584]
   [0.6912 0.1895 0.0500 0.0456 0.0237]
   [0.1973 0.3233 0.2017 0.1672 0.1106]
   [0.4266 0.1419 0.1514 0.2022 0.0779]]

  [[0.0381 0.0439 0.0422 0.7986 0.0772]
   [0.1188 0.2354 0.0828 0.4105 0.1524]
   [0.2828 0.1049 0.3865 0.1486 0.0771]
   [0.5645 0.0091 0.1733 0.2315 0.0217]
   [0.0408 0.0113 0.0984 0.7836 0.0659]]]


 [[[0.0135 0.4295 0.1387 0.3477 0.0705]
   [0.0206 0.1558 0.1459 0.6173 0.0604]
   [0.3812 0.2641 0.1043 0.1080 0.1425]
   [0.1838 0.7171 0.0046 0.0534 0.0411]
   [0.2016 0.1159 0.1908 0.0674 0.4243]]

  [[0.0904 0.0390 0.0791 0.7699 0.0216]
   [0.4476 0.0716 0.0134 0.3549 0.1125]
   [0.0814 0.2128 0.1171 0.2744 0.3142]
   [0.1045 0.0362 0.0793 0.0458 0.7342]
   [0.1953 0.3270 0.0988 0.1358 0.2432]]

  [[0.0077 0.0025 0.0435 0.0972 0.8491]
   [0.0055 0.0005 0.0107 0.0029 0.9804]
   [0.0603 0.0018 0.0764 0.0486 0.8128]
   [0.0663 0.0017 0.0069 0.0199 0.9052]
   [0.0164 0.0017 0.0290 0.0160 0.9369]]

  [[0.0383 0.1063 0.1515 0.0895 0.6144]
   [0.1620 0.1140 0.1644 0.1864 0.3732]
   [0.0421 0.0864 0.0507 0.0758 0.7450]
   [0.0541 0.5483 0.1157 0.0280 0.2538]
   [0.1058 0.0693 0.0466 0.2104 0.5678]]

  [[0.2127 0.2492 0.0841 0.1335 0.3205]
   [0.1025 0.3202 0.1038 0.2605 0.2130]
   [0.0566 0.0308 0.0556 0.0838 0.7732]
   [0.0712 0.0553 0.2868 0.3028 0.2839]
   [0.1215 0.2984 0.2552 0.2036 0.1212]]]


 [[[0.0290 0.2957 0.0817 0.4396 0.1540]
   [0.2955 0.0497 0.0779 0.5056 0.0713]
   [0.2048 0.1641 0.2323 0.2679 0.1309]
   [0.0166 0.0533 0.5150 0.0327 0.3824]
   [0.2789 0.1968 0.1690 0.1686 0.1867]]

  [[0.1070 0.0583 0.3946 0.2108 0.2293]
   [0.2839 0.0326 0.0593 0.4508 0.1733]
   [0.4156 0.0488 0.1411 0.2981 0.0965]
   [0.4816 0.0830 0.1572 0.2486 0.0296]
   [0.0088 0.0249 0.1079 0.3616 0.4968]]

  [[0.8846 0.0044 0.0213 0.0166 0.0731]
   [0.1569 0.0005 0.0931 0.1193 0.6302]
   [0.3350 0.0037 0.0730 0.0857 0.5027]
   [0.0286 0.0023 0.7235 0.2036 0.0420]
   [0.0651 0.0021 0.6519 0.2738 0.0071]]

  [[0.1285 0.0594 0.2245 0.4662 0.1213]
   [0.1941 0.0636 0.0973 0.5567 0.0883]
   [0.0316 0.1542 0.5554 0.2140 0.0448]
   [0.0581 0.0705 0.7337 0.0899 0.0478]
   [0.1127 0.1071 0.0323 0.6601 0.0878]]

  [[0.1398 0.2430 0.0209 0.1709 0.4255]
   [0.1249 0.0728 0.1975 0.4654 0.1394]
   [0.4354 0.0677 0.0328 0.2858 0.1782]
   [0.0901 0.0344 0.3377 0.3382 0.1996]
   [0.3899 0.0452 0.5112 0.0193 0.0344]]]]

cpt: v36 | 
[0.0117 0.6587 0.0435 0.1301 0.1561]

cpt: v23 | v11
[[0.0041 0.8818 0.0318 0.0757 0.0065]
 [0.0037 0.0207 0.9542 0.0192 0.0022]
 [0.0018 0.0051 0.0014 0.0015 0.9903]
 [0.0015 0.9970 0.0002 0.0005 0.0009]
 [0.0076 0.9793 0.0013 0.0111 0.0007]]

cpt: v24 | v23
[[0.0360 0.6125 0.1363 0.0263 0.1889]
 [0.0699 0.8447 0.0823 0.0005 0.0026]
 [0.0126 0.0181 0.0027 0.0012 0.9654]
 [0.6053 0.0806 0.0079 0.0048 0.3014]
 [0.0054 0.0082 0.0035 0.9804 0.0025]]

cpt: v11 | 
[0.0077 0.1129 0.4032 0.2310 0.2452]

cpt: v38 | v7
[[0.3190 0.6810]
 [0.0359 0.9641]
 [0.8982 0.1018]
 [0.9088 0.0912]
 [0.8709 0.1291]]

cpt: v7 | 
[0.0031 0.0720 0.1036 0.5346 0.2868]

cpt: v29 | v21
[[0.0138 0.2640 0.0827 0.2775 0.3619]
 [0.0343 0.5470 0.3191 0.0464 0.0532]
 [0.1098 0.3495 0.1346 0.0961 0.3099]
 [0.1477 0.0646 0.0060 0.0445 0.7372]
 [0.2439 0.4976 0.0208 0.1212 0.1165]]

cpt: v21 | 
[0.0140 0.3014 0.0847 0.2572 0.3428]

cpt: v39 | v29
[[0.9165 0.0835]
 [0.0029 0.9971]
 [0.8870 0.1130]
 [0.8739 0.1261]
 [0.5816 0.4184]]

cpt1: v6 | v38 v39
[[[0.0464 0.9536]
  [0.9837 0.0163]]

 [[0.0667 0.9333]
  [0.1439 0.8561]]]

cpt2: v6 | v38 v39
[[[0.0128 0.9872]
  [0.0049 0.9951]]

 [[0.0174 0.9826]
  [0.0520 0.9480]]]

cpt3: v6 | v38 v39
[[[0.0009 0.9991]
  [0.0059 0.9941]]

 [[0.0833 0.9167]
  [0.9528 0.0472]]]

cpt4: v6 | v38 v39
[[[0.0649 0.9351]
  [0.0112 0.9888]]

 [[0.0490 0.9510]
  [0.8758 0.1242]]]

cpt5: v6 | v38 v39
[[[0.3997 0.6003]
  [0.0349 0.9651]]

 [[0.2145 0.7855]
  [0.9748 0.0252]]]

thres1: v6 | v38 v39
[[0.0029 0.0085]
 [0.0201 0.5806]]

thres2: v6 | v38 v39
[[0.0601 0.9597]
 [0.9093 0.6692]]

thres3: v6 | v38 v39
[[0.8699 0.9608]
 [0.9131 0.6792]]

thres4: v6 | v38 v39
[[0.8801 0.9610]
 [0.9158 0.7363]]

cpt: v20 | v14
[[0.4671 0.5329]
 [0.4668 0.5332]]

cpt: v14 | 
[0.0317 0.9683]

cpt: v2 | 
[0.4752 0.5248]

cpt1: v9 | v2 v6 v20 v27
[[[[[0.0052 0.9948]
    [0.0008 0.9992]]

   [[0.1544 0.8456]
    [0.9771 0.0229]]]


  [[[0.9503 0.0497]
    [0.9901 0.0099]]

   [[0.5673 0.4327]
    [0.0128 0.9872]]]]



 [[[[0.9772 0.0228]
    [0.9776 0.0224]]

   [[0.0214 0.9786]
    [0.2006 0.7994]]]


  [[[0.5899 0.4101]
    [0.0189 0.9811]]

   [[0.8930 0.1070]
    [0.7810 0.2190]]]]]

cpt2: v9 | v2 v6 v20 v27
[[[[[0.0754 0.9246]
    [0.0035 0.9965]]

   [[0.0989 0.9011]
    [0.7220 0.2780]]]


  [[[0.3162 0.6838]
    [0.6265 0.3735]]

   [[0.4645 0.5355]
    [0.0356 0.9644]]]]



 [[[[0.9795 0.0205]
    [0.9724 0.0276]]

   [[0.0104 0.9896]
    [0.3355 0.6645]]]


  [[[0.4686 0.5314]
    [0.0044 0.9956]]

   [[0.9313 0.0687]
    [0.5996 0.4004]]]]]

cpt3: v9 | v2 v6 v20 v27
[[[[[0.0496 0.9504]
    [0.0515 0.9485]]

   [[0.2360 0.7640]
    [0.6933 0.3067]]]


  [[[0.3162 0.6838]
    [0.5737 0.4263]]

   [[0.4645 0.5355]
    [0.2461 0.7539]]]]



 [[[[0.7444 0.2556]
    [0.7227 0.2773]]

   [[0.0431 0.9569]
    [0.4551 0.5449]]]


  [[[0.4686 0.5314]
    [0.0466 0.9534]]

   [[0.9313 0.0687]
    [0.7755 0.2245]]]]]

cpt4: v9 | v2 v6 v20 v27
[[[[[0.0496 0.9504]
    [0.0515 0.9485]]

   [[0.2360 0.7640]
    [0.6933 0.3067]]]


  [[[0.3162 0.6838]
    [0.5737 0.4263]]

   [[0.4645 0.5355]
    [0.2461 0.7539]]]]



 [[[[0.7400 0.2600]
    [0.7227 0.2773]]

   [[0.0431 0.9569]
    [0.1309 0.8691]]]


  [[[0.4686 0.5314]
    [0.0827 0.9173]]

   [[0.9313 0.0687]
    [0.7755 0.2245]]]]]

cpt5: v9 | v2 v6 v20 v27
[[[[[0.0496 0.9504]
    [0.0515 0.9485]]

   [[0.2360 0.7640]
    [0.6933 0.3067]]]


  [[[0.3162 0.6838]
    [0.5737 0.4263]]

   [[0.4645 0.5355]
    [0.2461 0.7539]]]]



 [[[[0.7400 0.2600]
    [0.7227 0.2773]]

   [[0.0431 0.9569]
    [0.5370 0.4630]]]


  [[[0.4686 0.5314]
    [0.0827 0.9173]]

   [[0.9313 0.0687]
    [0.7755 0.2245]]]]]

thres1: v9 | v2 v6 v20 v27
[[[[0.7618 0.9179]
   [0.5780 0.8472]]

  [[0.2678 0.6180]
   [0.3016 0.7667]]]


 [[[0.8258 0.8769]
   [0.0786 0.0077]]

  [[0.2232 0.0022]
   [0.6950 0.8456]]]]

thres2: v9 | v2 v6 v20 v27
[[[[0.7837 0.9222]
   [0.6697 0.8592]]

  [[0.6917 0.6807]
   [0.5445 0.7891]]]


 [[[0.8287 0.8828]
   [0.7657 0.0130]]

  [[0.4199 0.5340]
   [0.7106 0.8598]]]]

thres3: v9 | v2 v6 v20 v27
[[[[0.7949 0.9240]
   [0.7068 0.8611]]

  [[0.6986 0.6935]
   [0.5733 0.7973]]]


 [[[0.8511 0.8859]
   [0.7746 0.0206]]

  [[0.5740 0.5722]
   [0.7431 0.8630]]]]

thres4: v9 | v2 v6 v20 v27
[[[[0.8143 0.9245]
   [0.7339 0.8696]]

  [[0.7380 0.7480]
   [0.6959 0.8172]]]


 [[[0.8551 0.8915]
   [0.8056 0.9797]]

  [[0.6839 0.7360]
   [0.7795 0.8684]]]]

cpt1: v37 | v9
[[0.0138 0.2643 0.0823 0.2770 0.3626]
 [0.0331 0.6095 0.2612 0.0446 0.0517]]

cpt2: v37 | v9
[[0.0212 0.2388 0.0204 0.0845 0.6351]
 [0.1351 0.6946 0.0273 0.0170 0.1260]]

cpt3: v37 | v9
[[0.0292 0.3581 0.0192 0.0539 0.5396]
 [0.0364 0.7020 0.1618 0.0461 0.0538]]

cpt4: v37 | v9
[[0.0768 0.6688 0.0289 0.0438 0.1816]
 [0.0331 0.6095 0.2612 0.0446 0.0517]]

cpt5: v37 | v9
[[0.0240 0.4612 0.0580 0.1921 0.2648]
 [0.0331 0.6095 0.2612 0.0446 0.0517]]

thres1: v37 | v9
[0.0097 0.0101]

thres2: v37 | v9
[0.1336 0.9304]

thres3: v37 | v9
[0.1952 0.9338]

thres4: v37 | v9
[0.8343 0.9346]

