cpt: v25 | v8 v13
[[[0.0037 0.1234 0.8686 0.0029 0.0014]
  [0.2816 0.0007 0.0002 0.0464 0.6711]
  [0.0006 0.1368 0.8601 0.0017 0.0008]
  [0.0007 0.1313 0.8634 0.0021 0.0026]
  [0.0037 0.1283 0.8615 0.0043 0.0022]]

 [[0.3030 0.1970 0.3109 0.0638 0.1253]
  [0.8679 0.0016 0.0002 0.1028 0.0275]
  [0.0061 0.7217 0.2106 0.0228 0.0388]
  [0.1120 0.0869 0.4422 0.0364 0.3225]
  [0.0228 0.0542 0.8967 0.0090 0.0173]]

 [[0.1848 0.4850 0.2827 0.0314 0.0161]
  [0.3473 0.0046 0.0007 0.4918 0.1555]
  [0.0073 0.0120 0.0029 0.0084 0.9694]
  [0.0385 0.0321 0.1446 0.1046 0.6801]
  [0.0419 0.0191 0.8663 0.0558 0.0169]]

 [[0.0353 0.7376 0.1564 0.0631 0.0076]
  [0.1246 0.0014 0.0002 0.7338 0.1400]
  [0.0110 0.0547 0.9155 0.0049 0.0139]
  [0.0256 0.0870 0.7013 0.0436 0.1424]
  [0.0115 0.9526 0.0092 0.0235 0.0032]]

 [[0.0965 0.2126 0.6574 0.0197 0.0138]
  [0.9711 0.0079 0.0017 0.0117 0.0077]
  [0.0382 0.0472 0.6653 0.0054 0.2439]
  [0.0049 0.0091 0.8877 0.0063 0.0919]
  [0.4239 0.2173 0.3488 0.0052 0.0048]]]

cpt: v13 | 
[0.9967 0.0012 0.0002 0.0018 0.0001]

cpt: v8 | v27
[[0.2048 0.0065 0.0851 0.4690 0.2346]
 [0.0002 0.9990 0.0001 0.0005 0.0001]]

cpt: v27 | 
[0.0000 1.0000]

cpt: v30 | v7 v11 v36
[[[[0.0827 0.8992 0.0101 0.0078 0.0002]
   [0.0055 0.0054 0.9851 0.0038 0.0001]
   [0.0116 0.0739 0.8885 0.0252 0.0007]
   [0.0006 0.9989 0.0003 0.0002 0.0000]
   [0.1311 0.8010 0.0251 0.0425 0.0002]]

  [[0.0071 0.0128 0.0046 0.9718 0.0037]
   [0.1636 0.5210 0.1178 0.1824 0.0152]
   [0.0054 0.4131 0.0515 0.5204 0.0097]
   [0.1414 0.5344 0.2132 0.0801 0.0309]
   [0.0224 0.0222 0.9204 0.0266 0.0083]]

  [[0.0765 0.3400 0.1958 0.3735 0.0142]
   [0.0109 0.0147 0.1865 0.7758 0.0122]
   [0.1126 0.2603 0.0217 0.0234 0.5820]
   [0.1825 0.0075 0.6226 0.1653 0.0221]
   [0.0085 0.0094 0.0298 0.9414 0.0109]]

  [[0.0348 0.6826 0.0319 0.2489 0.0018]
   [0.1686 0.4151 0.0029 0.4126 0.0008]
   [0.7187 0.0247 0.1042 0.1520 0.0004]
   [0.9108 0.0302 0.0237 0.0191 0.0162]
   [0.0095 0.8770 0.0054 0.1076 0.0005]]

  [[0.0352 0.0066 0.6307 0.2372 0.0903]
   [0.0094 0.0034 0.9212 0.0069 0.0592]
   [0.4097 0.0269 0.2841 0.0896 0.1898]
   [0.0033 0.0011 0.8747 0.0547 0.0662]
   [0.2111 0.0097 0.6125 0.0614 0.1052]]]


 [[[0.0365 0.0490 0.3612 0.5111 0.0423]
   [0.0434 0.0188 0.6653 0.2634 0.0091]
   [0.0152 0.0225 0.0763 0.7655 0.1204]
   [0.0021 0.0106 0.4854 0.3155 0.1865]
   [0.0049 0.0169 0.8941 0.0597 0.0244]]

  [[0.0052 0.0083 0.0197 0.9620 0.0047]
   [0.9774 0.0042 0.0054 0.0059 0.0071]
   [0.3524 0.0298 0.4050 0.1111 0.1017]
   [0.2270 0.6554 0.0778 0.0220 0.0178]
   [0.2324 0.0994 0.2742 0.1705 0.2235]]

  [[0.0884 0.7628 0.0319 0.0769 0.0400]
   [0.0015 0.9943 0.0013 0.0020 0.0009]
   [0.8099 0.1183 0.0336 0.0260 0.0122]
   [0.9552 0.0291 0.0103 0.0030 0.0024]
   [0.0149 0.9352 0.0233 0.0174 0.0092]]

  [[0.0028 0.9971 0.0000 0.0000 0.0000]
   [0.0002 0.9998 0.0000 0.0000 0.0000]
   [0.0058 0.9942 0.0000 0.0000 0.0000]
   [0.0010 0.9990 0.0000 0.0000 0.0000]
   [0.0276 0.9724 0.0000 0.0000 0.0000]]

  [[0.0283 0.9494 0.0175 0.0030 0.0017]
   [0.0042 0.9901 0.0029 0.0008 0.0021]
   [0.3131 0.6345 0.0123 0.0192 0.0208]
   [0.9422 0.0532 0.0002 0.0036 0.0008]
   [0.0713 0.0673 0.7557 0.0164 0.0893]]]


 [[[0.0070 0.0026 0.9841 0.0047 0.0016]
   [0.0024 0.9919 0.0033 0.0022 0.0002]
   [0.0331 0.8985 0.0475 0.0190 0.0018]
   [0.0229 0.9739 0.0029 0.0002 0.0001]
   [0.0682 0.8862 0.0268 0.0164 0.0024]]

  [[0.0394 0.1012 0.8419 0.0107 0.0068]
   [0.2117 0.0372 0.0112 0.7381 0.0018]
   [0.0273 0.0616 0.0233 0.8733 0.0145]
   [0.0040 0.0213 0.0070 0.9547 0.0131]
   [0.0035 0.0072 0.0023 0.9856 0.0015]]

  [[0.4520 0.3872 0.0962 0.0309 0.0337]
   [0.0029 0.0116 0.0022 0.9818 0.0015]
   [0.0095 0.5742 0.2545 0.1525 0.0094]
   [0.0112 0.0081 0.9429 0.0260 0.0118]
   [0.0406 0.1161 0.0778 0.6539 0.1115]]

  [[0.0165 0.0117 0.0134 0.9460 0.0124]
   [0.0011 0.0011 0.0011 0.9962 0.0004]
   [0.9904 0.0016 0.0024 0.0051 0.0005]
   [0.1962 0.0428 0.6424 0.0894 0.0292]
   [0.0158 0.0222 0.0828 0.8715 0.0078]]

  [[0.2442 0.0348 0.0701 0.1994 0.4514]
   [0.0058 0.0077 0.0378 0.0188 0.9299]
   [0.2551 0.3525 0.0802 0.2331 0.0792]
   [0.0818 0.0031 0.0353 0.1256 0.7542]
   [0.0337 0.0265 0.0738 0.6852 0.1808]]]


 [[[0.0104 0.0035 0.0525 0.9334 0.0003]
   [0.0001 0.0000 0.9997 0.0002 0.0000]
   [0.7041 0.1142 0.0321 0.1493 0.0003]
   [0.8429 0.1566 0.0001 0.0002 0.0002]
   [0.5517 0.2289 0.0165 0.2027 0.0002]]

  [[0.0051 0.0129 0.0023 0.9772 0.0025]
   [0.0008 0.0018 0.0010 0.9962 0.0002]
   [0.0204 0.1542 0.0044 0.8159 0.0052]
   [0.0055 0.0040 0.0068 0.9817 0.0020]
   [0.0134 0.0045 0.0141 0.9649 0.0030]]

  [[0.0082 0.1300 0.0336 0.8219 0.0063]
   [0.0011 0.0017 0.0006 0.9946 0.0020]
   [0.0011 0.0031 0.0055 0.9886 0.0017]
   [0.0010 0.0026 0.0034 0.9922 0.0007]
   [0.0523 0.2332 0.3870 0.3204 0.0070]]

  [[0.0250 0.0051 0.5191 0.3181 0.1328]
   [0.0203 0.0162 0.0498 0.3399 0.5737]
   [0.0256 0.0041 0.0178 0.6927 0.2599]
   [0.0218 0.0073 0.0908 0.1184 0.7617]
   [0.0089 0.0598 0.3785 0.0684 0.4844]]

  [[0.0350 0.0064 0.6965 0.1532 0.1090]
   [0.0012 0.0003 0.9910 0.0018 0.0056]
   [0.7452 0.0085 0.1392 0.0121 0.0950]
   [0.0040 0.0003 0.0456 0.9081 0.0420]
   [0.0142 0.0046 0.9281 0.0078 0.0453]]]


 [[[0.2259 0.2443 0.3795 0.1418 0.0085]
   [0.0062 0.0217 0.9642 0.0070 0.0009]
   [0.0502 0.0190 0.0739 0.7964 0.0605]
   [0.0412 0.0151 0.9309 0.0084 0.0043]
   [0.0136 0.3719 0.0931 0.5038 0.0175]]

  [[0.0063 0.0250 0.0341 0.9323 0.0024]
   [0.0413 0.9014 0.0476 0.0070 0.0027]
   [0.0113 0.9419 0.0307 0.0108 0.0053]
   [0.0066 0.2921 0.6416 0.0537 0.0061]
   [0.0102 0.0208 0.9367 0.0288 0.0035]]

  [[0.0399 0.6787 0.1946 0.0141 0.0727]
   [0.0148 0.5847 0.3806 0.0108 0.0092]
   [0.0074 0.0141 0.1234 0.0429 0.8122]
   [0.0167 0.0170 0.9565 0.0040 0.0058]
   [0.1732 0.1138 0.5091 0.0710 0.1329]]

  [[0.0156 0.5093 0.1720 0.2942 0.0089]
   [0.0018 0.9457 0.0011 0.0495 0.0019]
   [0.0255 0.0949 0.0009 0.8650 0.0137]
   [0.0728 0.1362 0.1126 0.6684 0.0100]
   [0.0022 0.0353 0.0034 0.9563 0.0027]]

  [[0.0359 0.2143 0.2637 0.4642 0.0220]
   [0.0015 0.0107 0.0179 0.9607 0.0091]
   [0.0030 0.0385 0.6795 0.2620 0.0170]
   [0.0148 0.0098 0.0200 0.0353 0.9201]
   [0.0204 0.1516 0.1628 0.1502 0.5151]]]]

cpt: v36 | 
[0.0043 0.0537 0.0024 0.9324 0.0072]

cpt: v23 | v11
[[1.0000 0.0000 0.0000 0.0000 0.0000]
 [0.0102 0.0000 0.0274 0.0430 0.9194]
 [0.0034 0.0001 0.9544 0.0018 0.0403]
 [0.0001 0.9998 0.0001 0.0000 0.0001]
 [0.0008 0.0000 0.9990 0.0001 0.0001]]

cpt: v24 | v23
[[0.0053 0.9928 0.0000 0.0000 0.0019]
 [0.0000 0.0001 0.0000 0.9999 0.0000]
 [0.0002 0.0115 0.9882 0.0000 0.0000]
 [0.0007 0.9987 0.0005 0.0000 0.0001]
 [0.0004 0.9994 0.0001 0.0000 0.0000]]

cpt: v11 | 
[0.8127 0.0001 0.0012 0.1567 0.0292]

cpt: v38 | v7
[[0.0742 0.9258]
 [1.0000 0.0000]
 [0.1304 0.8696]
 [0.0734 0.9266]
 [0.8096 0.1904]]

cpt: v7 | 
[0.0013 0.9968 0.0002 0.0018 0.0000]

cpt: v29 | v21
[[0.1378 0.6668 0.1057 0.0480 0.0418]
 [0.0118 0.0107 0.9590 0.0070 0.0115]
 [0.0368 0.1268 0.7415 0.0541 0.0408]
 [0.0319 0.3267 0.3763 0.1032 0.1620]
 [0.1720 0.4770 0.1807 0.0515 0.1188]]

cpt: v21 | 
[0.0204 0.9198 0.0353 0.0138 0.0107]

cpt: v39 | v29
[[0.9998 0.0002]
 [0.0000 1.0000]
 [0.5576 0.4424]
 [0.0000 1.0000]
 [0.0000 1.0000]]

cpt1: v6 | v38 v39
[[[0.0000 1.0000]
  [0.9955 0.0045]]

 [[0.9976 0.0024]
  [0.9981 0.0019]]]

cpt2: v6 | v38 v39
[[[0.9989 0.0011]
  [0.9944 0.0056]]

 [[0.0000 1.0000]
  [0.0002 0.9998]]]

cpt3: v6 | v38 v39
[[[0.9988 0.0012]
  [0.9762 0.0238]]

 [[0.9974 0.0026]
  [1.0000 0.0000]]]

cpt4: v6 | v38 v39
[[[0.8215 0.1785]
  [0.9033 0.0967]]

 [[0.0001 0.9999]
  [0.9999 0.0001]]]

cpt5: v6 | v38 v39
[[[0.9000 0.1000]
  [0.3209 0.6791]]

 [[0.0012 0.9988]
  [0.9992 0.0008]]]

cpt6: v6 | v38 v39
[[[0.9511 0.0489]
  [1.0000 0.0000]]

 [[0.0138 0.9862]
  [0.9115 0.0885]]]

cpt7: v6 | v38 v39
[[[0.9476 0.0524]
  [0.6868 0.3132]]

 [[0.0184 0.9816]
  [0.9800 0.0200]]]

cpt8: v6 | v38 v39
[[[0.8911 0.1089]
  [0.0095 0.9905]]

 [[0.8348 0.1652]
  [0.9299 0.0701]]]

cpt9: v6 | v38 v39
[[[0.2536 0.7464]
  [0.0067 0.9933]]

 [[0.9982 0.0018]
  [0.8773 0.1227]]]

cpt10: v6 | v38 v39
[[[0.0006 0.9994]
  [0.0046 0.9954]]

 [[0.9988 0.0012]
  [0.9592 0.0408]]]

thres1: v6 | v38 v39
[[0.9964 0.0002]
 [0.0000 0.0000]]

thres2: v6 | v38 v39
[[0.9964 0.0003]
 [0.0000 0.0000]]

thres3: v6 | v38 v39
[[0.9964 0.0005]
 [0.0000 1.0000]]

thres4: v6 | v38 v39
[[0.9964 0.0007]
 [0.0001 1.0000]]

thres5: v6 | v38 v39
[[0.9964 0.0036]
 [0.0110 1.0000]]

thres6: v6 | v38 v39
[[0.9964 0.9944]
 [0.6649 1.0000]]

thres7: v6 | v38 v39
[[0.9964 0.9944]
 [0.6822 1.0000]]

thres8: v6 | v38 v39
[[0.9964 0.9944]
 [0.6829 1.0000]]

thres9: v6 | v38 v39
[[0.9964 0.9944]
 [0.7698 1.0000]]

cpt: v20 | v14
[[0.5503 0.4497]
 [1.0000 0.0000]]

cpt: v14 | 
[0.0000 1.0000]

cpt: v2 | 
[0.0000 1.0000]

cpt1: v9 | v2 v6 v20 v27
[[[[[0.9212 0.0788]
    [0.8756 0.1244]]

   [[0.3989 0.6011]
    [0.3468 0.6532]]]


  [[[0.9827 0.0173]
    [0.9661 0.0339]]

   [[0.9881 0.0119]
    [0.1572 0.8428]]]]



 [[[[0.9999 0.0001]
    [0.9997 0.0003]]

   [[0.2404 0.7596]
    [0.9304 0.0696]]]


  [[[0.0000 1.0000]
    [0.0000 1.0000]]

   [[0.0000 1.0000]
    [0.0000 1.0000]]]]]

cpt2: v9 | v2 v6 v20 v27
[[[[[0.1768 0.8232]
    [0.6620 0.3380]]

   [[0.3901 0.6099]
    [0.2712 0.7288]]]


  [[[0.2378 0.7622]
    [0.8975 0.1025]]

   [[0.6197 0.3803]
    [0.9684 0.0316]]]]



 [[[[0.8458 0.1542]
    [0.9988 0.0012]]

   [[0.6394 0.3606]
    [0.5874 0.4126]]]


  [[[0.9603 0.0397]
    [0.9998 0.0002]]

   [[0.0000 1.0000]
    [0.0000 1.0000]]]]]

cpt3: v9 | v2 v6 v20 v27
[[[[[0.1540 0.8460]
    [0.6506 0.3494]]

   [[0.1982 0.8018]
    [0.0854 0.9146]]]


  [[[0.2620 0.7380]
    [0.8734 0.1266]]

   [[0.6015 0.3985]
    [0.0825 0.9175]]]]



 [[[[0.7804 0.2196]
    [0.9976 0.0024]]

   [[0.5026 0.4974]
    [0.4004 0.5996]]]


  [[[1.0000 0.0000]
    [1.0000 0.0000]]

   [[0.0000 1.0000]
    [0.0000 1.0000]]]]]

cpt4: v9 | v2 v6 v20 v27
[[[[[0.1540 0.8460]
    [0.6506 0.3494]]

   [[0.1982 0.8018]
    [0.0814 0.9186]]]


  [[[0.2620 0.7380]
    [0.7861 0.2139]]

   [[0.6015 0.3985]
    [0.0825 0.9175]]]]



 [[[[0.7804 0.2196]
    [0.5765 0.4235]]

   [[0.5026 0.4974]
    [0.4004 0.5996]]]


  [[[1.0000 0.0000]
    [1.0000 0.0000]]

   [[0.9996 0.0004]
    [0.0000 1.0000]]]]]

cpt5: v9 | v2 v6 v20 v27
[[[[[0.1540 0.8460]
    [0.6506 0.3494]]

   [[0.1982 0.8018]
    [0.0814 0.9186]]]


  [[[0.2620 0.7380]
    [0.7852 0.2148]]

   [[0.6015 0.3985]
    [0.0825 0.9175]]]]



 [[[[0.7804 0.2196]
    [0.5765 0.4235]]

   [[0.5026 0.4974]
    [0.4004 0.5996]]]


  [[[0.9992 0.0008]
    [0.9997 0.0003]]

   [[0.6205 0.3795]
    [0.0909 0.9091]]]]]

cpt6: v9 | v2 v6 v20 v27
[[[[[0.1540 0.8460]
    [0.6506 0.3494]]

   [[0.1982 0.8018]
    [0.0814 0.9186]]]


  [[[0.2620 0.7380]
    [0.7852 0.2148]]

   [[0.6015 0.3985]
    [0.0825 0.9175]]]]



 [[[[0.7804 0.2196]
    [0.5765 0.4235]]

   [[0.5026 0.4974]
    [0.4004 0.5996]]]


  [[[0.9979 0.0021]
    [0.0000 1.0000]]

   [[0.8921 0.1079]
    [0.2282 0.7718]]]]]

cpt7: v9 | v2 v6 v20 v27
[[[[[0.1540 0.8460]
    [0.6506 0.3494]]

   [[0.1982 0.8018]
    [0.0814 0.9186]]]


  [[[0.2620 0.7380]
    [0.7852 0.2148]]

   [[0.6015 0.3985]
    [0.0825 0.9175]]]]



 [[[[0.7804 0.2196]
    [0.5765 0.4235]]

   [[0.5026 0.4974]
    [0.4004 0.5996]]]


  [[[0.9996 0.0004]
    [0.0007 0.9993]]

   [[0.9039 0.0961]
    [0.2286 0.7714]]]]]

cpt8: v9 | v2 v6 v20 v27
[[[[[0.1540 0.8460]
    [0.6506 0.3494]]

   [[0.1982 0.8018]
    [0.0814 0.9186]]]


  [[[0.2620 0.7380]
    [0.7852 0.2148]]

   [[0.6015 0.3985]
    [0.0825 0.9175]]]]



 [[[[0.7804 0.2196]
    [0.5765 0.4235]]

   [[0.5026 0.4974]
    [0.4004 0.5996]]]


  [[[0.0003 0.9997]
    [0.8689 0.1311]]

   [[0.1136 0.8864]
    [0.2286 0.7714]]]]]

cpt9: v9 | v2 v6 v20 v27
[[[[[0.1540 0.8460]
    [0.6506 0.3494]]

   [[0.1982 0.8018]
    [0.0814 0.9186]]]


  [[[0.2620 0.7380]
    [0.7852 0.2148]]

   [[0.6015 0.3985]
    [0.0825 0.9175]]]]



 [[[[0.7804 0.2196]
    [0.5765 0.4235]]

   [[0.5026 0.4974]
    [0.4004 0.5996]]]


  [[[0.9967 0.0033]
    [0.0983 0.9017]]

   [[0.5549 0.4451]
    [0.2286 0.7714]]]]]

cpt10: v9 | v2 v6 v20 v27
[[[[[0.1540 0.8460]
    [0.6506 0.3494]]

   [[0.1982 0.8018]
    [0.0814 0.9186]]]


  [[[0.2620 0.7380]
    [0.7852 0.2148]]

   [[0.6015 0.3985]
    [0.0825 0.9175]]]]



 [[[[0.7804 0.2196]
    [0.5765 0.4235]]

   [[0.5026 0.4974]
    [0.4004 0.5996]]]


  [[[0.3129 0.6871]
    [0.0360 0.9640]]

   [[0.5700 0.4300]
    [0.2286 0.7714]]]]]

thres1: v9 | v2 v6 v20 v27
[[[[0.0912 0.1099]
   [0.0336 0.0068]]

  [[0.2760 0.1011]
   [0.2625 0.0001]]]


 [[[0.3759 0.0055]
   [0.8330 0.1294]]

  [[0.7273 0.1952]
   [0.0000 0.0002]]]]

thres2: v9 | v2 v6 v20 v27
[[[[0.4698 0.1601]
   [0.1948 0.0842]]

  [[0.4254 0.1218]
   [0.3299 0.2234]]]


 [[[0.4059 0.0092]
   [0.8390 0.2270]]

  [[0.7400 0.2001]
   [0.0000 0.0018]]]]

thres3: v9 | v2 v6 v20 v27
[[[[0.4954 0.3267]
   [0.5653 0.1387]]

  [[0.4758 0.1453]
   [0.4347 0.3861]]]


 [[[0.4249 0.4594]
   [0.8425 0.2737]]

  [[0.7658 0.2084]
   [0.0000 0.0045]]]]

thres4: v9 | v2 v6 v20 v27
[[[[0.5095 0.3478]
   [0.5931 0.1581]]

  [[0.4936 0.1964]
   [0.4481 0.4438]]]


 [[[0.4404 0.4769]
   [0.8473 0.3130]]

  [[0.7713 0.2391]
   [0.9979 0.9001]]]]

thres5: v9 | v2 v6 v20 v27
[[[[0.5214 0.4011]
   [0.6115 0.1881]]

  [[0.5296 0.2462]
   [0.4982 0.4927]]]


 [[[0.4919 0.5325]
   [0.8487 0.3454]]

  [[0.7763 0.2564]
   [0.9979 0.9004]]]]

thres6: v9 | v2 v6 v20 v27
[[[[0.5814 0.4731]
   [0.6235 0.2801]]

  [[0.5527 0.2785]
   [0.5628 0.5772]]]


 [[[0.5427 0.5829]
   [0.8537 0.3851]]

  [[0.7791 0.7850]
   [0.9979 0.9020]]]]

thres7: v9 | v2 v6 v20 v27
[[[[0.6085 0.6163]
   [0.6811 0.4667]]

  [[0.6390 0.7166]
   [0.5811 0.6251]]]


 [[[0.6030 0.6444]
   [0.8545 0.4597]]

  [[0.7848 0.7854]
   [0.9979 0.9034]]]]

thres8: v9 | v2 v6 v20 v27
[[[[0.6353 0.6327]
   [0.6915 0.5036]]

  [[0.6621 0.7216]
   [0.6195 0.6411]]]


 [[[0.6581 0.6723]
   [0.8555 0.5202]]

  [[0.7919 0.7879]
   [0.9979 0.9090]]]]

thres9: v9 | v2 v6 v20 v27
[[[[0.6839 0.6649]
   [0.6958 0.6803]]

  [[0.6685 0.7382]
   [0.6625 0.6636]]]


 [[[0.6767 0.6933]
   [0.8590 0.6655]]

  [[0.7940 0.7884]
   [0.9979 0.9094]]]]

cpt1: v37 | v9
[[0.9999 0.0000 0.0000 0.0000 0.0000]
 [0.0000 0.0000 0.0000 0.0000 0.9999]]

cpt2: v37 | v9
[[0.0004 0.8730 0.0726 0.0278 0.0262]
 [0.0000 0.0000 0.0000 0.0000 0.9999]]

cpt3: v37 | v9
[[0.0187 0.9730 0.0010 0.0004 0.0069]
 [1.0000 0.0000 0.0000 0.0000 0.0000]]

cpt4: v37 | v9
[[0.0015 0.9967 0.0010 0.0002 0.0004]
 [0.0000 0.0000 0.0001 0.0000 0.9999]]

cpt5: v37 | v9
[[0.0007 0.9972 0.0011 0.0003 0.0007]
 [0.1592 0.5995 0.0337 0.0422 0.1654]]

cpt6: v37 | v9
[[0.0130 0.5113 0.0210 0.0067 0.4479]
 [0.0365 0.9293 0.0002 0.0117 0.0223]]

cpt7: v37 | v9
[[0.0002 0.9947 0.0016 0.0019 0.0016]
 [0.0007 0.9980 0.0003 0.0007 0.0003]]

cpt8: v37 | v9
[[0.0001 0.9976 0.0003 0.0014 0.0006]
 [0.0680 0.6093 0.0146 0.0965 0.2116]]

cpt9: v37 | v9
[[0.0000 0.9991 0.0000 0.0008 0.0001]
 [0.2315 0.0162 0.4132 0.1185 0.2206]]

cpt10: v37 | v9
[[0.0903 0.7541 0.0336 0.0280 0.0940]
 [0.0001 0.0000 0.0000 0.0000 0.9999]]

thres1: v37 | v9
[0.0110 0.0000]

thres2: v37 | v9
[0.8374 0.0000]

thres3: v37 | v9
[0.8376 0.0000]

thres4: v37 | v9
[0.8378 0.0000]

thres5: v37 | v9
[0.8378 1.0000]

thres6: v37 | v9
[0.8600 1.0000]

thres7: v37 | v9
[0.8603 1.0000]

thres8: v37 | v9
[0.8606 1.0000]

thres9: v37 | v9
[0.8620 1.0000]

