cpt: v25 | v8 v13
[[[0.0006 0.7889 0.0099 0.0023 0.1983]
  [0.4936 0.0038 0.3874 0.0864 0.0289]
  [0.7374 0.0278 0.0955 0.1264 0.0129]
  [0.0134 0.0051 0.5107 0.0354 0.4354]
  [0.0076 0.3772 0.2759 0.1742 0.1651]]

 [[0.0000 0.0000 0.0000 0.9984 0.0015]
  [0.1490 0.2355 0.2218 0.0041 0.3896]
  [0.0296 0.2053 0.2197 0.0349 0.5105]
  [0.0010 0.0015 0.0018 0.0070 0.9888]
  [0.0003 0.0061 0.0005 0.9906 0.0024]]

 [[0.0000 0.0000 0.0000 0.0104 0.9896]
  [0.0026 0.9582 0.0096 0.0123 0.0173]
  [0.2710 0.1338 0.5483 0.0063 0.0406]
  [0.0000 0.0006 0.0001 0.0000 0.9992]
  [0.0000 0.0000 0.0000 0.0005 0.9995]]

 [[0.0000 0.0007 0.0000 0.9978 0.0015]
  [0.7951 0.0424 0.0422 0.0030 0.1174]
  [0.0022 0.0097 0.9805 0.0023 0.0052]
  [0.0010 0.9639 0.0012 0.0048 0.0291]
  [0.0002 0.0174 0.0189 0.0313 0.9321]]

 [[0.0000 0.0000 0.0000 0.0006 0.9994]
  [0.0098 0.7991 0.0542 0.0066 0.1303]
  [0.7363 0.1855 0.0551 0.0108 0.0123]
  [0.0001 0.0007 0.0000 0.0010 0.9982]
  [0.0000 0.0001 0.0000 0.0014 0.9984]]]

cpt: v13 | 
[0.0000 0.0004 0.9533 0.0000 0.0462]

cpt: v8 | v27
[[0.9983 0.0008 0.0006 0.0001 0.0001]
 [0.9911 0.0000 0.0000 0.0003 0.0086]]

cpt: v27 | 
[0.9999 0.0001]

cpt: v30 | v7 v11 v36
[[[[0.6182 0.1742 0.1922 0.0127 0.0027]
   [0.0060 0.0059 0.9645 0.0197 0.0040]
   [0.0003 0.0057 0.0004 0.9936 0.0000]
   [0.0476 0.0013 0.0484 0.8931 0.0096]
   [0.0058 0.8096 0.1111 0.0434 0.0301]]

  [[0.0063 0.0001 0.0007 0.0033 0.9896]
   [0.0050 0.0006 0.0035 0.0015 0.9894]
   [0.0002 0.0000 0.0000 0.9997 0.0001]
   [0.0344 0.0010 0.0019 0.7610 0.2017]
   [0.2677 0.0071 0.0086 0.1037 0.6128]]

  [[0.0048 0.0009 0.9770 0.0104 0.0069]
   [0.0391 0.0435 0.0140 0.2550 0.6483]
   [0.0002 0.0001 0.9965 0.0003 0.0028]
   [0.0329 0.0472 0.8991 0.0142 0.0066]
   [0.0570 0.0326 0.5745 0.1271 0.2088]]

  [[0.9878 0.0037 0.0031 0.0032 0.0022]
   [0.9084 0.0253 0.0107 0.0337 0.0219]
   [0.9909 0.0010 0.0001 0.0079 0.0001]
   [0.7064 0.0478 0.0107 0.1992 0.0358]
   [0.0263 0.0129 0.7644 0.0895 0.1069]]

  [[0.0009 0.0002 0.0001 0.0002 0.9986]
   [0.0324 0.0009 0.0004 0.0026 0.9637]
   [0.5767 0.0004 0.0023 0.0002 0.4204]
   [0.9854 0.0007 0.0005 0.0025 0.0110]
   [0.6201 0.0023 0.0040 0.0130 0.3605]]]


 [[[0.5346 0.0645 0.0414 0.2700 0.0895]
   [0.0863 0.0473 0.1324 0.3087 0.4254]
   [0.1557 0.1688 0.0827 0.5368 0.0559]
   [0.2514 0.0320 0.1054 0.1509 0.4603]
   [0.1689 0.1558 0.0388 0.3460 0.2905]]

  [[0.0404 0.8350 0.0274 0.0726 0.0246]
   [0.1013 0.0447 0.0593 0.0623 0.7324]
   [0.4703 0.0117 0.0024 0.0187 0.4968]
   [0.0213 0.1833 0.1181 0.5697 0.1075]
   [0.0279 0.1030 0.2008 0.2158 0.4525]]

  [[0.1761 0.2627 0.0811 0.2845 0.1956]
   [0.1695 0.1091 0.1236 0.5045 0.0932]
   [0.0214 0.0017 0.0009 0.0014 0.9746]
   [0.9550 0.0026 0.0255 0.0030 0.0138]
   [0.0705 0.0280 0.0261 0.5225 0.3530]]

  [[0.0288 0.3562 0.0932 0.1160 0.4059]
   [0.0673 0.0481 0.0395 0.0300 0.8151]
   [0.1971 0.6346 0.0349 0.0103 0.1231]
   [0.2532 0.1912 0.2968 0.2239 0.0348]
   [0.0445 0.1144 0.0197 0.3097 0.5116]]

  [[0.0255 0.6029 0.0320 0.0254 0.3141]
   [0.0163 0.0191 0.0150 0.0202 0.9294]
   [0.0453 0.0057 0.2705 0.0100 0.6685]
   [0.0605 0.3039 0.4235 0.1148 0.0973]
   [0.0248 0.0153 0.0162 0.0732 0.8705]]]


 [[[0.0077 0.0004 0.0061 0.0015 0.9844]
   [0.1873 0.0052 0.0375 0.0088 0.7613]
   [0.0428 0.1075 0.0125 0.4964 0.3407]
   [0.3733 0.0067 0.0816 0.0402 0.4981]
   [0.0612 0.0019 0.0136 0.0043 0.9190]]

  [[0.8344 0.0678 0.0943 0.0017 0.0018]
   [0.9941 0.0011 0.0012 0.0008 0.0028]
   [0.0001 0.9993 0.0005 0.0000 0.0000]
   [0.0234 0.0294 0.9428 0.0022 0.0022]
   [0.1128 0.0183 0.8025 0.0160 0.0505]]

  [[0.0003 0.0003 0.0000 0.0001 0.9993]
   [0.9968 0.0007 0.0005 0.0008 0.0012]
   [0.0504 0.0196 0.0000 0.9297 0.0003]
   [0.0022 0.0004 0.0001 0.0007 0.9966]
   [0.9834 0.0003 0.0034 0.0052 0.0077]]

  [[0.0038 0.0007 0.0050 0.0028 0.9876]
   [0.9184 0.0196 0.0131 0.0318 0.0172]
   [0.9541 0.0005 0.0065 0.0063 0.0327]
   [0.0332 0.0128 0.0684 0.0454 0.8401]
   [0.5135 0.0078 0.1736 0.0946 0.2106]]

  [[0.0002 0.0466 0.6639 0.2887 0.0006]
   [0.0004 0.0023 0.9956 0.0012 0.0006]
   [0.0000 0.0373 0.0018 0.9609 0.0000]
   [0.0011 0.6215 0.3708 0.0063 0.0004]
   [0.0783 0.0286 0.6332 0.2399 0.0201]]]


 [[[0.0236 0.4226 0.0634 0.4580 0.0325]
   [0.0311 0.0829 0.0287 0.7951 0.0622]
   [0.0234 0.3069 0.2333 0.4017 0.0348]
   [0.0303 0.0254 0.0217 0.8623 0.0603]
   [0.1098 0.0850 0.4524 0.2102 0.1427]]

  [[0.0047 0.0316 0.9422 0.0109 0.0106]
   [0.0826 0.2292 0.3621 0.0467 0.2793]
   [0.9985 0.0003 0.0003 0.0004 0.0005]
   [0.0921 0.1519 0.0675 0.5890 0.0995]
   [0.0460 0.3091 0.0518 0.0378 0.5554]]

  [[0.0457 0.0214 0.0229 0.0219 0.8881]
   [0.0584 0.0278 0.0969 0.3443 0.4726]
   [0.9786 0.0005 0.0125 0.0028 0.0055]
   [0.0549 0.0357 0.0266 0.1214 0.7614]
   [0.1520 0.0651 0.2260 0.2706 0.2864]]

  [[0.0337 0.0262 0.2986 0.0331 0.6085]
   [0.4123 0.2634 0.0949 0.0527 0.1766]
   [0.3847 0.2678 0.2213 0.0984 0.0278]
   [0.3609 0.2042 0.0283 0.2109 0.1957]
   [0.1707 0.2376 0.0423 0.4454 0.1040]]

  [[0.0728 0.1551 0.0608 0.6495 0.0617]
   [0.5464 0.0155 0.0312 0.2181 0.1889]
   [0.2237 0.0235 0.0088 0.0030 0.7409]
   [0.1028 0.6833 0.0187 0.0419 0.1533]
   [0.1049 0.0207 0.0748 0.0105 0.7891]]]


 [[[0.1252 0.0153 0.5348 0.3023 0.0224]
   [0.4842 0.0109 0.0773 0.0418 0.3858]
   [0.9600 0.0019 0.0223 0.0058 0.0100]
   [0.9352 0.0125 0.0099 0.0214 0.0211]
   [0.7929 0.0062 0.0290 0.0036 0.1684]]

  [[0.0160 0.0158 0.0177 0.0312 0.9193]
   [0.0950 0.0655 0.7992 0.0223 0.0181]
   [0.2228 0.0621 0.0455 0.6657 0.0039]
   [0.0252 0.0778 0.5721 0.2822 0.0427]
   [0.6849 0.0100 0.2419 0.0080 0.0552]]

  [[0.9552 0.0116 0.0151 0.0099 0.0082]
   [0.4739 0.0095 0.3519 0.0409 0.1239]
   [0.9989 0.0002 0.0002 0.0006 0.0001]
   [0.5458 0.1213 0.0942 0.2273 0.0113]
   [0.1542 0.0196 0.5313 0.0040 0.2910]]

  [[0.0448 0.0440 0.1998 0.0058 0.7055]
   [0.8543 0.0383 0.0478 0.0217 0.0380]
   [0.0441 0.0536 0.2843 0.0357 0.5823]
   [0.3845 0.1983 0.1347 0.1024 0.1801]
   [0.6328 0.0320 0.0480 0.0703 0.2168]]

  [[0.0046 0.0036 0.0089 0.0048 0.9781]
   [0.0777 0.0319 0.7980 0.0159 0.0765]
   [0.0040 0.0009 0.0062 0.9881 0.0008]
   [0.2287 0.1810 0.1026 0.1804 0.3073]
   [0.7044 0.0769 0.1364 0.0275 0.0548]]]]

cpt: v36 | 
[0.0002 0.0002 0.9993 0.0002 0.0001]

cpt: v23 | v11
[[0.0054 0.0001 0.9944 0.0000 0.0001]
 [0.0338 0.0001 0.0004 0.9657 0.0000]
 [0.0400 0.0031 0.5142 0.4427 0.0000]
 [0.9978 0.0002 0.0010 0.0001 0.0009]
 [0.0000 0.0003 0.0000 0.0000 0.9997]]

cpt: v24 | v23
[[0.0019 0.0000 0.0024 0.0294 0.9663]
 [0.0000 0.9805 0.0194 0.0001 0.0000]
 [0.9999 0.0000 0.0000 0.0000 0.0000]
 [0.0170 0.0004 0.3224 0.6455 0.0148]
 [0.0000 0.9999 0.0001 0.0000 0.0000]]

cpt: v11 | 
[0.0000 0.0004 0.9769 0.0000 0.0226]

cpt: v38 | v7
[[1.0000 0.0000]
 [1.0000 0.0000]
 [1.0000 0.0000]
 [1.0000 0.0000]
 [0.9990 0.0010]]

cpt: v7 | 
[0.5684 0.0190 0.4113 0.0013 0.0000]

cpt: v29 | v21
[[0.5378 0.0276 0.3664 0.0302 0.0380]
 [0.0679 0.0083 0.7852 0.1234 0.0151]
 [0.0172 0.0025 0.9513 0.0276 0.0015]
 [0.1448 0.0099 0.2309 0.4312 0.1832]
 [0.0356 0.0416 0.8894 0.0214 0.0120]]

cpt: v21 | 
[0.0363 0.4268 0.4554 0.0522 0.0293]

cpt: v39 | v29
[[0.0012 0.9988]
 [1.0000 0.0000]
 [0.8577 0.1423]
 [0.6322 0.3678]
 [0.8863 0.1137]]

cpt1: v6 | v38 v39
[[[1.0000 0.0000]
  [0.9997 0.0003]]

 [[0.0004 0.9996]
  [1.0000 0.0000]]]

cpt2: v6 | v38 v39
[[[1.0000 0.0000]
  [0.9998 0.0002]]

 [[0.0078 0.9922]
  [0.9999 0.0001]]]

cpt3: v6 | v38 v39
[[[0.0010 0.9990]
  [1.0000 0.0000]]

 [[0.0953 0.9047]
  [0.9999 0.0001]]]

cpt4: v6 | v38 v39
[[[0.0006 0.9994]
  [0.9999 0.0001]]

 [[0.2614 0.7386]
  [0.9974 0.0026]]]

cpt5: v6 | v38 v39
[[[0.0007 0.9993]
  [0.9990 0.0010]]

 [[0.1658 0.8342]
  [0.9952 0.0048]]]

cpt6: v6 | v38 v39
[[[0.9915 0.0085]
  [1.0000 0.0000]]

 [[0.8447 0.1553]
  [0.8393 0.1607]]]

thres1: v6 | v38 v39
[[1.0000 0.0004]
 [0.6454 0.0106]]

thres2: v6 | v38 v39
[[1.0000 0.0041]
 [0.7655 0.0110]]

thres3: v6 | v38 v39
[[1.0000 0.7029]
 [0.7675 0.9751]]

thres4: v6 | v38 v39
[[1.0000 0.7895]
 [0.7691 0.9753]]

thres5: v6 | v38 v39
[[1.0000 0.7901]
 [0.7692 0.9754]]

cpt: v20 | v14
[[0.0002 0.9998]
 [0.0011 0.9989]]

cpt: v14 | 
[0.9976 0.0024]

cpt: v2 | 
[1.0000 0.0000]

cpt1: v9 | v2 v6 v20 v27
[[[[[0.0000 1.0000]
    [0.9892 0.0108]]

   [[0.0001 0.9999]
    [0.9977 0.0023]]]


  [[[0.0023 0.9977]
    [0.2792 0.7208]]

   [[1.0000 0.0000]
    [0.0016 0.9984]]]]



 [[[[0.6252 0.3748]
    [0.9962 0.0038]]

   [[0.0001 0.9999]
    [0.0030 0.9970]]]


  [[[0.1629 0.8371]
    [0.1662 0.8338]]

   [[0.9737 0.0263]
    [0.9895 0.0105]]]]]

cpt2: v9 | v2 v6 v20 v27
[[[[[0.3516 0.6484]
    [0.9812 0.0188]]

   [[0.7018 0.2982]
    [0.9925 0.0075]]]


  [[[0.4773 0.5227]
    [0.9808 0.0192]]

   [[0.6936 0.3064]
    [0.9641 0.0359]]]]



 [[[[0.8627 0.1373]
    [0.7297 0.2703]]

   [[0.4141 0.5859]
    [0.3495 0.6505]]]


  [[[0.6909 0.3091]
    [0.5460 0.4540]]

   [[0.8387 0.1613]
    [0.8676 0.1324]]]]]

cpt3: v9 | v2 v6 v20 v27
[[[[[0.6146 0.3854]
    [0.9881 0.0119]]

   [[0.0011 0.9989]
    [1.0000 0.0000]]]


  [[[0.2901 0.7099]
    [0.9768 0.0232]]

   [[0.6936 0.3064]
    [0.7348 0.2652]]]]



 [[[[0.8791 0.1209]
    [0.7297 0.2703]]

   [[0.4151 0.5849]
    [0.1874 0.8126]]]


  [[[0.6692 0.3308]
    [0.2160 0.7840]]

   [[0.8387 0.1613]
    [0.8676 0.1324]]]]]

cpt4: v9 | v2 v6 v20 v27
[[[[[0.9990 0.0010]
    [0.9902 0.0098]]

   [[0.0009 0.9991]
    [0.7140 0.2860]]]


  [[[0.3320 0.6680]
    [0.5426 0.4574]]

   [[0.6936 0.3064]
    [0.7311 0.2689]]]]



 [[[[0.8792 0.1208]
    [0.7297 0.2703]]

   [[0.4151 0.5849]
    [0.1874 0.8126]]]


  [[[0.6692 0.3308]
    [0.2160 0.7840]]

   [[0.8387 0.1613]
    [0.8676 0.1324]]]]]

cpt5: v9 | v2 v6 v20 v27
[[[[[0.9948 0.0052]
    [0.9915 0.0085]]

   [[0.9784 0.0216]
    [0.9969 0.0031]]]


  [[[0.1277 0.8723]
    [0.8934 0.1066]]

   [[0.6936 0.3064]
    [0.7311 0.2689]]]]



 [[[[0.8792 0.1208]
    [0.7297 0.2703]]

   [[0.4151 0.5849]
    [0.1874 0.8126]]]


  [[[0.6692 0.3308]
    [0.2160 0.7840]]

   [[0.8387 0.1613]
    [0.8676 0.1324]]]]]

cpt6: v9 | v2 v6 v20 v27
[[[[[0.9104 0.0896]
    [0.9931 0.0069]]

   [[0.0000 1.0000]
    [0.8832 0.1168]]]


  [[[0.1127 0.8873]
    [0.9070 0.0930]]

   [[0.6936 0.3064]
    [0.7311 0.2689]]]]



 [[[[0.8792 0.1208]
    [0.7297 0.2703]]

   [[0.4151 0.5849]
    [0.1874 0.8126]]]


  [[[0.6692 0.3308]
    [0.2160 0.7840]]

   [[0.8387 0.1613]
    [0.8676 0.1324]]]]]

thres1: v9 | v2 v6 v20 v27
[[[[0.1571 0.9972]
   [0.2966 0.0149]]

  [[0.1029 0.2004]
   [0.5241 0.4064]]]


 [[[0.1729 0.5910]
   [0.2584 0.1335]]

  [[0.1267 0.1168]
   [0.2462 0.5729]]]]

thres2: v9 | v2 v6 v20 v27
[[[[0.7951 0.9972]
   [0.5128 0.0271]]

  [[0.8292 0.3506]
   [0.6343 0.4260]]]


 [[[0.1919 0.6805]
   [0.5064 0.5820]]

  [[0.1773 0.4073]
   [0.2819 0.6102]]]]

thres3: v9 | v2 v6 v20 v27
[[[[0.7975 0.9972]
   [0.6605 0.9343]]

  [[0.8390 0.4317]
   [0.6680 0.5074]]]


 [[[0.3389 0.7058]
   [0.6148 0.6036]]

  [[0.5176 0.6220]
   [0.5637 0.6987]]]]

thres4: v9 | v2 v6 v20 v27
[[[[0.8008 0.9972]
   [0.6894 0.9359]]

  [[0.8415 0.4656]
   [0.6787 0.5439]]]


 [[[0.5566 0.7295]
   [0.6341 0.6857]]

  [[0.6711 0.6425]
   [0.6295 0.7164]]]]

thres5: v9 | v2 v6 v20 v27
[[[[0.8123 0.9972]
   [0.6918 0.9369]]

  [[0.8438 0.6939]
   [0.7172 0.7011]]]


 [[[0.6865 0.7377]
   [0.6844 0.7140]]

  [[0.6986 0.6918]
   [0.6900 0.7317]]]]

cpt1: v37 | v9
[[0.0075 0.0004 0.0363 0.9454 0.0104]
 [0.0185 0.8471 0.0444 0.0434 0.0465]]

cpt2: v37 | v9
[[0.0003 0.0010 0.9983 0.0001 0.0003]
 [0.0007 0.9742 0.0141 0.0102 0.0008]]

cpt3: v37 | v9
[[0.0003 0.0004 0.0001 0.0000 0.9992]
 [0.0002 0.0001 0.0346 0.0225 0.9427]]

cpt4: v37 | v9
[[0.5275 0.1576 0.0000 0.0000 0.3149]
 [1.0000 0.0000 0.0000 0.0000 0.0000]]

cpt5: v37 | v9
[[0.0107 0.0097 0.0008 0.0002 0.9785]
 [0.9999 0.0000 0.0001 0.0000 0.0000]]

cpt6: v37 | v9
[[0.1338 0.6566 0.0296 0.0268 0.1533]
 [0.0001 0.9929 0.0038 0.0031 0.0001]]

thres1: v37 | v9
[0.0020 1.0000]

thres2: v37 | v9
[0.0613 1.0000]

thres3: v37 | v9
[0.0786 1.0000]

thres4: v37 | v9
[0.9210 1.0000]

thres5: v37 | v9
[0.9215 1.0000]

