cpt: v25 | v8 v13
[[[0.0082 0.0294 0.9599 0.0014 0.0012]
  [0.0503 0.0415 0.8628 0.0209 0.0245]
  [0.7041 0.1038 0.1909 0.0009 0.0004]
  [0.0166 0.3360 0.3965 0.0741 0.1768]
  [0.0001 0.0013 0.0000 0.0044 0.9943]]

 [[0.0801 0.2965 0.5900 0.0160 0.0175]
  [0.1056 0.0667 0.7524 0.0302 0.0450]
  [0.2691 0.4248 0.2929 0.0108 0.0023]
  [0.0107 0.0755 0.1072 0.5458 0.2607]
  [0.0000 0.0003 0.0000 0.9990 0.0007]]

 [[0.9859 0.0003 0.0137 0.0001 0.0000]
  [0.0097 0.9866 0.0033 0.0002 0.0002]
  [0.5851 0.0004 0.4145 0.0000 0.0000]
  [0.0007 0.9977 0.0008 0.0006 0.0003]
  [0.0000 0.9985 0.0000 0.0007 0.0008]]

 [[0.1756 0.0033 0.8210 0.0000 0.0000]
  [0.0033 0.9920 0.0022 0.0016 0.0008]
  [0.5546 0.0005 0.4449 0.0000 0.0000]
  [0.0122 0.9820 0.0026 0.0022 0.0011]
  [0.0000 0.0000 0.0000 0.0031 0.9969]]

 [[0.0234 0.1119 0.8580 0.0045 0.0022]
  [0.2291 0.0238 0.1547 0.5527 0.0397]
  [0.0214 0.0617 0.9117 0.0048 0.0004]
  [0.7277 0.0711 0.0332 0.1426 0.0254]
  [0.0000 0.0002 0.0000 0.9993 0.0005]]]

cpt: v13 | 
[0.0006 0.0023 0.8387 0.1539 0.0045]

cpt: v8 | v27
[[0.0197 0.0002 0.9800 0.0001 0.0000]
 [0.0000 0.0000 0.0000 0.0000 1.0000]]

cpt: v27 | 
[0.0188 0.9812]

cpt: v30 | v7 v11 v36
[[[[0.1014 0.0148 0.8196 0.0472 0.0169]
   [0.0274 0.0117 0.9313 0.0127 0.0169]
   [0.0529 0.0233 0.0416 0.0201 0.8621]
   [0.0043 0.0067 0.9640 0.0135 0.0116]
   [0.9296 0.0016 0.0042 0.0156 0.0490]]

  [[0.1787 0.0533 0.6804 0.0341 0.0535]
   [0.0951 0.0380 0.8064 0.0190 0.0415]
   [0.0068 0.0074 0.0114 0.0040 0.9704]
   [0.0003 0.0005 0.0003 0.0013 0.9977]
   [0.0248 0.0008 0.9676 0.0018 0.0051]]

  [[0.7992 0.0372 0.1008 0.0202 0.0426]
   [0.1194 0.5774 0.1857 0.0433 0.0742]
   [0.0068 0.4522 0.0170 0.4749 0.0490]
   [0.0900 0.5545 0.1162 0.0661 0.1733]
   [0.0451 0.0862 0.3314 0.4121 0.1252]]

  [[0.0849 0.0741 0.1363 0.2641 0.4406]
   [0.0203 0.0301 0.0207 0.0461 0.8827]
   [0.0000 0.0005 0.0004 0.9989 0.0002]
   [0.0000 0.0011 0.9988 0.0001 0.0000]
   [0.0000 0.9491 0.0483 0.0026 0.0001]]

  [[0.0052 0.0014 0.9908 0.0010 0.0016]
   [0.2251 0.0118 0.4533 0.1986 0.1112]
   [0.0001 0.0001 0.9997 0.0000 0.0001]
   [0.9743 0.0024 0.0189 0.0024 0.0020]
   [0.9957 0.0031 0.0006 0.0003 0.0002]]]


 [[[0.1458 0.0008 0.8426 0.0049 0.0059]
   [0.0104 0.0003 0.9818 0.0012 0.0062]
   [0.0004 0.0000 0.9996 0.0000 0.0000]
   [0.9992 0.0000 0.0000 0.0000 0.0008]
   [0.4937 0.0000 0.5047 0.0000 0.0016]]

  [[0.0147 0.0109 0.9678 0.0021 0.0044]
   [0.0023 0.0020 0.0061 0.0005 0.9891]
   [0.0000 0.0000 0.0002 0.0000 0.9997]
   [0.0000 0.0000 0.0000 0.0000 1.0000]
   [0.9900 0.0000 0.0032 0.0000 0.0068]]

  [[0.2780 0.0366 0.2722 0.1872 0.2259]
   [0.7220 0.0128 0.0187 0.1856 0.0609]
   [0.9976 0.0008 0.0002 0.0003 0.0011]
   [0.0588 0.1910 0.2705 0.0193 0.4604]
   [0.9329 0.0071 0.0263 0.0012 0.0324]]

  [[0.0297 0.0039 0.0073 0.0018 0.9573]
   [0.2443 0.5098 0.0341 0.0178 0.1939]
   [0.0006 0.0000 0.0002 0.0000 0.9992]
   [0.2664 0.0040 0.0081 0.7190 0.0025]
   [0.4059 0.3255 0.0028 0.0339 0.2319]]

  [[0.0135 0.0044 0.9800 0.0005 0.0016]
   [0.0041 0.0081 0.9832 0.0007 0.0039]
   [0.0000 0.0001 0.9999 0.0000 0.0000]
   [0.0000 0.0000 1.0000 0.0000 0.0000]
   [0.0000 0.0000 1.0000 0.0000 0.0000]]]


 [[[0.9023 0.0033 0.0819 0.0080 0.0046]
   [0.1865 0.0029 0.7975 0.0053 0.0078]
   [0.9989 0.0000 0.0010 0.0000 0.0001]
   [0.0027 0.0000 0.9965 0.0000 0.0008]
   [0.9825 0.0000 0.0141 0.0000 0.0035]]

  [[0.0660 0.0224 0.9028 0.0065 0.0023]
   [0.2908 0.1570 0.3714 0.0097 0.1711]
   [0.0370 0.0001 0.8257 0.0000 0.1372]
   [0.0008 0.0000 0.9988 0.0000 0.0005]
   [0.0006 0.0001 0.9551 0.0000 0.0442]]

  [[0.9454 0.0096 0.0251 0.0088 0.0110]
   [0.2124 0.3202 0.2684 0.1380 0.0611]
   [0.9678 0.0041 0.0017 0.0069 0.0195]
   [0.0343 0.0111 0.0180 0.0150 0.9216]
   [0.7787 0.0180 0.0024 0.1767 0.0242]]

  [[0.9514 0.0104 0.0120 0.0152 0.0109]
   [0.1542 0.1840 0.2743 0.3133 0.0743]
   [0.9983 0.0001 0.0002 0.0001 0.0013]
   [0.0336 0.0018 0.8178 0.1406 0.0062]
   [0.0188 0.0031 0.0021 0.1460 0.8300]]

  [[0.0024 0.0035 0.9837 0.0069 0.0035]
   [0.0042 0.6668 0.2981 0.0144 0.0165]
   [0.0000 0.0001 0.9998 0.0000 0.0000]
   [0.0017 0.4050 0.5879 0.0000 0.0053]
   [0.0000 0.0000 1.0000 0.0000 0.0000]]]


 [[[0.2200 0.6010 0.0249 0.0327 0.1213]
   [0.0346 0.4838 0.0167 0.3361 0.1288]
   [0.0012 0.0012 0.0002 0.0024 0.9950]
   [0.0001 0.0003 0.0000 0.0010 0.9986]
   [0.0003 0.0007 0.0000 0.0076 0.9914]]

  [[0.0331 0.0188 0.0125 0.7959 0.1397]
   [0.0359 0.6562 0.0109 0.2349 0.0621]
   [0.0012 0.0033 0.0004 0.0015 0.9936]
   [0.0001 0.7172 0.0000 0.2827 0.0000]
   [0.9963 0.0020 0.0003 0.0014 0.0001]]

  [[0.0092 0.0251 0.0135 0.0301 0.9221]
   [0.0136 0.1300 0.0150 0.0358 0.8056]
   [0.0008 0.0788 0.9111 0.0054 0.0039]
   [0.0006 0.8981 0.0992 0.0017 0.0005]
   [0.0000 0.9982 0.0008 0.0001 0.0009]]

  [[0.0037 0.9211 0.0269 0.0370 0.0113]
   [0.0069 0.2454 0.6838 0.0537 0.0101]
   [0.0000 1.0000 0.0000 0.0000 0.0000]
   [0.0000 0.0003 0.9997 0.0000 0.0000]
   [0.0000 0.0008 0.9992 0.0000 0.0000]]

  [[0.1943 0.2659 0.0154 0.3004 0.2239]
   [0.0386 0.6276 0.0124 0.2195 0.1018]
   [0.0113 0.0145 0.0011 0.0248 0.9484]
   [0.0019 0.0017 0.0013 0.0108 0.9843]
   [0.0028 0.0271 0.0000 0.9604 0.0096]]]


 [[[0.0885 0.2633 0.0486 0.3787 0.2209]
   [0.1213 0.1767 0.0528 0.4075 0.2417]
   [0.0074 0.0328 0.0004 0.9256 0.0338]
   [0.9841 0.0044 0.0001 0.0110 0.0004]
   [0.0670 0.5508 0.0011 0.3386 0.0426]]

  [[0.1401 0.2834 0.0691 0.2374 0.2701]
   [0.0412 0.1696 0.1926 0.4181 0.1785]
   [0.0408 0.0860 0.0019 0.8703 0.0011]
   [0.0004 0.0000 0.0000 0.0001 0.9995]
   [0.1010 0.0702 0.0023 0.8262 0.0003]]

  [[0.1582 0.0332 0.3834 0.0410 0.3841]
   [0.0246 0.2394 0.1635 0.2714 0.3011]
   [0.0010 0.9763 0.0175 0.0009 0.0043]
   [0.0005 0.0543 0.9408 0.0041 0.0004]
   [0.0189 0.1594 0.7382 0.0208 0.0628]]

  [[0.0578 0.2255 0.3784 0.2366 0.1017]
   [0.0994 0.3227 0.0820 0.2882 0.2077]
   [0.0000 0.0001 0.9999 0.0000 0.0000]
   [0.0000 0.0000 1.0000 0.0000 0.0000]
   [0.0000 0.0000 1.0000 0.0000 0.0000]]

  [[0.0439 0.0927 0.0309 0.1170 0.7156]
   [0.1338 0.1583 0.0726 0.0391 0.5962]
   [0.0003 0.0008 0.0003 0.0082 0.9904]
   [0.0007 0.9908 0.0027 0.0052 0.0005]
   [0.0000 0.0025 0.0000 0.9975 0.0000]]]]

cpt: v36 | 
[0.0000 0.0000 0.0055 0.9407 0.0538]

cpt: v23 | v11
[[0.0001 0.0000 0.9999 0.0000 0.0000]
 [0.2039 0.0000 0.5557 0.0345 0.2060]
 [0.0002 0.9873 0.0001 0.0002 0.0121]
 [0.0000 1.0000 0.0000 0.0000 0.0000]
 [0.0000 0.0000 1.0000 0.0000 0.0000]]

cpt: v24 | v23
[[0.1756 0.5280 0.0000 0.2673 0.0292]
 [0.0000 0.0000 1.0000 0.0000 0.0000]
 [0.0000 0.9997 0.0000 0.0000 0.0003]
 [0.0000 0.0000 0.0000 0.0000 1.0000]
 [0.0000 0.0000 0.0000 0.0000 1.0000]]

cpt: v11 | 
[0.0019 0.9796 0.0000 0.0183 0.0003]

cpt: v38 | v7
[[1.0000 0.0000]
 [0.0000 1.0000]
 [0.0000 1.0000]
 [0.9999 0.0001]
 [1.0000 0.0000]]

cpt: v7 | 
[0.0003 0.5821 0.1360 0.1695 0.1122]

cpt: v29 | v21
[[0.0893 0.0817 0.2100 0.4388 0.1801]
 [0.0654 0.0784 0.4451 0.0781 0.3330]
 [0.0892 0.2059 0.0744 0.0592 0.5713]
 [0.0165 0.1060 0.2451 0.0538 0.5786]
 [0.5984 0.0184 0.0994 0.0404 0.2434]]

cpt: v21 | 
[0.1289 0.1162 0.1680 0.4300 0.1568]

cpt: v39 | v29
[[0.0407 0.9593]
 [1.0000 0.0000]
 [0.0000 1.0000]
 [0.0000 1.0000]
 [1.0000 0.0000]]

cpt1: v6 | v38 v39
[[[0.9967 0.0033]
  [0.9998 0.0002]]

 [[0.0006 0.9994]
  [0.0035 0.9965]]]

cpt2: v6 | v38 v39
[[[0.0000 1.0000]
  [0.0001 0.9999]]

 [[1.0000 0.0000]
  [0.6915 0.3085]]]

thres1: v6 | v38 v39
[[0.0000 1.0000]
 [0.9998 0.0003]]

cpt: v20 | v14
[[0.3561 0.6439]
 [0.3561 0.6439]]

cpt: v14 | 
[0.6772 0.3228]

cpt: v2 | 
[0.3559 0.6441]

cpt1: v9 | v2 v6 v20 v27
[[[[[0.0000 1.0000]
    [0.0000 1.0000]]

   [[0.9951 0.0049]
    [0.0000 1.0000]]]


  [[[1.0000 0.0000]
    [0.0001 0.9999]]

   [[0.0000 1.0000]
    [0.0000 1.0000]]]]



 [[[[0.0000 1.0000]
    [0.0000 1.0000]]

   [[0.0000 1.0000]
    [0.0000 1.0000]]]


  [[[0.0009 0.9991]
    [0.0000 1.0000]]

   [[0.0042 0.9958]
    [1.0000 0.0000]]]]]

cpt2: v9 | v2 v6 v20 v27
[[[[[0.0540 0.9460]
    [0.0014 0.9986]]

   [[0.0000 1.0000]
    [0.0534 0.9466]]]


  [[[0.9753 0.0247]
    [0.9602 0.0398]]

   [[0.5619 0.4381]
    [0.0405 0.9595]]]]



 [[[[0.0155 0.9845]
    [0.8793 0.1207]]

   [[0.8910 0.1090]
    [0.0023 0.9977]]]


  [[[0.0000 1.0000]
    [0.0185 0.9815]]

   [[0.0000 1.0000]
    [0.4363 0.5637]]]]]

thres1: v9 | v2 v6 v20 v27
[[[[0.9686 0.7375]
   [0.0001 0.5605]]

  [[0.9753 0.9391]
   [0.6013 0.6276]]]


 [[[0.5041 0.8793]
   [0.8749 0.9605]]

  [[0.0014 0.7743]
   [0.0010 0.8581]]]]

cpt1: v37 | v9
[[0.0254 0.7481 0.0393 0.0348 0.1524]
 [0.0658 0.0874 0.2525 0.0703 0.5241]]

cpt2: v37 | v9
[[0.1119 0.1112 0.1642 0.3160 0.2968]
 [0.1226 0.6743 0.0316 0.0296 0.1420]]

thres1: v37 | v9
[0.9442 0.0746]

