cpt: v25 | v8 v13
[[[0.0285 0.2625 0.7048 0.0027 0.0015]
  [0.0385 0.1478 0.0383 0.7423 0.0331]
  [0.8819 0.0838 0.0297 0.0033 0.0013]
  [0.0020 0.1124 0.0020 0.6402 0.2434]
  [0.1498 0.7808 0.0049 0.0301 0.0344]]

 [[0.9679 0.0094 0.0221 0.0005 0.0001]
  [0.0292 0.4838 0.0614 0.2801 0.1456]
  [0.0198 0.9687 0.0062 0.0020 0.0033]
  [0.0086 0.0330 0.0060 0.9107 0.0417]
  [0.6942 0.0931 0.0734 0.0964 0.0429]]

 [[0.9522 0.0220 0.0221 0.0022 0.0016]
  [0.0222 0.0833 0.0065 0.6552 0.2328]
  [0.0173 0.0163 0.9653 0.0007 0.0004]
  [0.0017 0.1508 0.0004 0.7564 0.0907]
  [0.2808 0.2092 0.0928 0.3807 0.0365]]

 [[0.9990 0.0002 0.0008 0.0000 0.0000]
  [0.0026 0.9654 0.0007 0.0249 0.0065]
  [0.3143 0.5293 0.1497 0.0015 0.0051]
  [0.0040 0.1514 0.0023 0.0550 0.7873]
  [0.8527 0.1235 0.0166 0.0029 0.0043]]

 [[0.0085 0.9897 0.0014 0.0001 0.0004]
  [0.0076 0.9088 0.0125 0.0418 0.0292]
  [0.0066 0.0139 0.9786 0.0005 0.0004]
  [0.0016 0.9739 0.0003 0.0166 0.0075]
  [0.0284 0.9259 0.0164 0.0204 0.0090]]]

cpt: v13 | 
[0.0004 0.0223 0.0515 0.9023 0.0235]

cpt: v8 | v27
[[0.0009 0.2042 0.0127 0.7794 0.0029]
 [0.9702 0.0002 0.0288 0.0003 0.0006]]

cpt: v27 | 
[0.8824 0.1176]

cpt: v30 | v7 v11 v36
[[[[0.0262 0.1832 0.2068 0.4173 0.1665]
   [0.2084 0.0637 0.1951 0.1909 0.3419]
   [0.2604 0.0930 0.0436 0.5721 0.0310]
   [0.1808 0.2281 0.1398 0.2594 0.1920]
   [0.1801 0.2642 0.0127 0.1405 0.4024]]

  [[0.0175 0.0136 0.0108 0.9376 0.0206]
   [0.0072 0.0323 0.0261 0.0215 0.9129]
   [0.1271 0.5089 0.0276 0.1073 0.2291]
   [0.4866 0.1147 0.1888 0.1199 0.0901]
   [0.1116 0.0966 0.1188 0.1728 0.5002]]

  [[0.0030 0.0009 0.0011 0.0043 0.9907]
   [0.0019 0.0009 0.0009 0.0058 0.9906]
   [0.2415 0.0977 0.1753 0.1913 0.2942]
   [0.0433 0.0790 0.0062 0.4103 0.4612]
   [0.0100 0.0049 0.0075 0.0245 0.9532]]

  [[0.7559 0.0255 0.0662 0.0600 0.0924]
   [0.1122 0.0598 0.0118 0.1012 0.7151]
   [0.0843 0.1065 0.0277 0.0491 0.7324]
   [0.2309 0.1451 0.0799 0.0576 0.4866]
   [0.7057 0.1568 0.0599 0.0279 0.0498]]

  [[0.1453 0.6275 0.0196 0.0314 0.1762]
   [0.0236 0.2330 0.0353 0.0629 0.6452]
   [0.0308 0.5153 0.0952 0.3014 0.0572]
   [0.2152 0.2635 0.0189 0.2427 0.2597]
   [0.0619 0.4019 0.0357 0.1867 0.3137]]]


 [[[0.0185 0.4989 0.0520 0.2693 0.1613]
   [0.6772 0.1673 0.1230 0.0196 0.0129]
   [0.0107 0.0341 0.8670 0.0592 0.0291]
   [0.8721 0.0523 0.0130 0.0535 0.0091]
   [0.2892 0.2408 0.0615 0.3959 0.0126]]

  [[0.1730 0.4788 0.0373 0.2862 0.0247]
   [0.5315 0.0592 0.3037 0.0949 0.0106]
   [0.1646 0.2699 0.4816 0.0680 0.0160]
   [0.5196 0.1930 0.0577 0.1200 0.1096]
   [0.2504 0.0645 0.5281 0.0958 0.0612]]

  [[0.0191 0.0161 0.9590 0.0046 0.0011]
   [0.3999 0.0736 0.4147 0.1110 0.0008]
   [0.2824 0.0742 0.5392 0.0832 0.0210]
   [0.5369 0.0553 0.3463 0.0533 0.0082]
   [0.7027 0.0291 0.1304 0.1263 0.0115]]

  [[0.0289 0.0417 0.7555 0.1449 0.0290]
   [0.0504 0.1478 0.6619 0.1074 0.0324]
   [0.0581 0.3651 0.0615 0.4853 0.0301]
   [0.0762 0.1208 0.4106 0.1517 0.2407]
   [0.1246 0.0257 0.8098 0.0197 0.0200]]

  [[0.8736 0.0095 0.0657 0.0459 0.0053]
   [0.0608 0.0905 0.0973 0.7478 0.0035]
   [0.0632 0.4649 0.4256 0.0161 0.0302]
   [0.2800 0.0101 0.6748 0.0061 0.0289]
   [0.4586 0.0452 0.3865 0.0835 0.0261]]]


 [[[0.0219 0.9207 0.0204 0.0214 0.0156]
   [0.0474 0.1029 0.5893 0.2583 0.0021]
   [0.1706 0.3972 0.2719 0.1443 0.0161]
   [0.4334 0.1082 0.1864 0.2447 0.0273]
   [0.4704 0.2989 0.1115 0.0814 0.0378]]

  [[0.0211 0.9209 0.0229 0.0219 0.0131]
   [0.1387 0.0366 0.1387 0.6795 0.0066]
   [0.0396 0.0844 0.4177 0.4236 0.0346]
   [0.0234 0.0820 0.3168 0.5374 0.0404]
   [0.1516 0.2877 0.4265 0.1044 0.0297]]

  [[0.0385 0.1013 0.0495 0.8070 0.0036]
   [0.1638 0.5651 0.2144 0.0561 0.0006]
   [0.0277 0.0330 0.5204 0.4042 0.0147]
   [0.1634 0.0838 0.0925 0.6478 0.0125]
   [0.0184 0.9505 0.0157 0.0129 0.0025]]

  [[0.0715 0.5600 0.2449 0.0772 0.0463]
   [0.0055 0.1883 0.1217 0.6832 0.0013]
   [0.0144 0.0469 0.8394 0.0681 0.0311]
   [0.1174 0.0387 0.2694 0.5032 0.0713]
   [0.1053 0.0249 0.7178 0.0971 0.0550]]

  [[0.6852 0.2402 0.0181 0.0327 0.0238]
   [0.0431 0.0492 0.1933 0.7083 0.0062]
   [0.2772 0.1503 0.3359 0.1948 0.0418]
   [0.7771 0.0250 0.0148 0.1180 0.0651]
   [0.1078 0.6356 0.0742 0.1592 0.0232]]]


 [[[0.0626 0.0270 0.0700 0.4446 0.3958]
   [0.0255 0.0350 0.0178 0.0221 0.8996]
   [0.0073 0.7783 0.0892 0.0340 0.0912]
   [0.2351 0.0314 0.0306 0.0349 0.6679]
   [0.0648 0.1068 0.0429 0.0958 0.6897]]

  [[0.1093 0.0399 0.0210 0.1325 0.6974]
   [0.0466 0.0154 0.0050 0.0109 0.9221]
   [0.3432 0.0697 0.0213 0.1022 0.4636]
   [0.0928 0.3080 0.0638 0.0204 0.5150]
   [0.8240 0.0091 0.0240 0.1248 0.0181]]

  [[0.0784 0.6052 0.0271 0.0412 0.2482]
   [0.2085 0.0175 0.0148 0.0315 0.7278]
   [0.0372 0.0460 0.0062 0.0089 0.9017]
   [0.1724 0.1430 0.0559 0.4328 0.1960]
   [0.0209 0.7675 0.0157 0.1340 0.0620]]

  [[0.1324 0.0106 0.0170 0.0752 0.7648]
   [0.1235 0.0081 0.0621 0.6195 0.1868]
   [0.0725 0.0316 0.0401 0.0621 0.7938]
   [0.3615 0.2214 0.0472 0.0824 0.2875]
   [0.1372 0.1880 0.0677 0.0692 0.5379]]

  [[0.0148 0.0098 0.0065 0.0246 0.9443]
   [0.0271 0.0264 0.0070 0.0809 0.8587]
   [0.1701 0.2324 0.0358 0.1829 0.3788]
   [0.1085 0.3536 0.0446 0.2195 0.2738]
   [0.9671 0.0127 0.0170 0.0020 0.0012]]]


 [[[0.2199 0.2512 0.2367 0.0611 0.2310]
   [0.0590 0.0169 0.0113 0.9024 0.0104]
   [0.3949 0.0887 0.0298 0.1384 0.3481]
   [0.4983 0.0605 0.2019 0.0817 0.1576]
   [0.1653 0.1426 0.0084 0.6012 0.0825]]

  [[0.0816 0.4363 0.0487 0.3594 0.0739]
   [0.7960 0.0338 0.0074 0.1271 0.0357]
   [0.5349 0.1538 0.1813 0.1085 0.0215]
   [0.3269 0.3427 0.0918 0.0502 0.1884]
   [0.0730 0.0595 0.1082 0.1282 0.6311]]

  [[0.7919 0.0424 0.0171 0.1409 0.0078]
   [0.7384 0.1165 0.0635 0.0723 0.0092]
   [0.0218 0.6264 0.0899 0.1185 0.1433]
   [0.6604 0.0492 0.0611 0.1258 0.1035]
   [0.0187 0.0377 0.0084 0.9225 0.0126]]

  [[0.0337 0.0662 0.0364 0.0506 0.8131]
   [0.5277 0.1735 0.0171 0.0643 0.2175]
   [0.0462 0.0457 0.0435 0.7752 0.0894]
   [0.5435 0.1828 0.1316 0.0546 0.0875]
   [0.0951 0.2819 0.1190 0.4099 0.0941]]

  [[0.0271 0.0788 0.0403 0.8002 0.0536]
   [0.0263 0.0912 0.0293 0.8426 0.0106]
   [0.0416 0.0646 0.0445 0.1386 0.7106]
   [0.0805 0.3393 0.0465 0.1213 0.4125]
   [0.3457 0.2139 0.0577 0.0579 0.3248]]]]

cpt: v36 | 
[0.0213 0.8736 0.0306 0.0109 0.0636]

cpt: v23 | v11
[[0.0716 0.0725 0.1009 0.4720 0.2831]
 [0.1169 0.1470 0.6795 0.0395 0.0171]
 [0.7956 0.0177 0.0265 0.1094 0.0508]
 [0.1197 0.2566 0.4769 0.1025 0.0442]
 [0.5094 0.2024 0.0171 0.2330 0.0381]]

cpt: v24 | v23
[[0.0107 0.2062 0.1866 0.5385 0.0580]
 [0.5290 0.0253 0.1752 0.2595 0.0110]
 [0.8065 0.0171 0.0698 0.0970 0.0096]
 [0.0479 0.3047 0.2393 0.3140 0.0941]
 [0.1715 0.3878 0.0247 0.1890 0.2270]]

cpt: v11 | 
[0.0073 0.0535 0.9051 0.0111 0.0230]

cpt: v38 | v7
[[0.0011 0.9989]
 [0.2037 0.7963]
 [0.1369 0.8631]
 [0.0267 0.9733]
 [0.1994 0.8006]]

cpt: v7 | 
[0.1162 0.0824 0.5717 0.1011 0.1286]

cpt: v29 | v21
[[0.0272 0.2251 0.3498 0.2855 0.1124]
 [0.3440 0.0491 0.4071 0.1457 0.0541]
 [0.3928 0.1013 0.1110 0.3710 0.0239]
 [0.1958 0.1959 0.3033 0.2094 0.0956]
 [0.2861 0.2980 0.0138 0.1693 0.2328]]

cpt: v21 | 
[0.0262 0.1941 0.4129 0.2513 0.1155]

cpt: v39 | v29
[[0.0015 0.9985]
 [0.9780 0.0220]
 [0.8466 0.1534]
 [0.7668 0.2332]
 [0.9501 0.0499]]

cpt1: v6 | v38 v39
[[[0.0073 0.9927]
  [0.9794 0.0206]]

 [[0.9840 0.0160]
  [0.7422 0.2578]]]

cpt2: v6 | v38 v39
[[[0.9031 0.0969]
  [0.6215 0.3785]]

 [[0.9939 0.0061]
  [0.2647 0.7353]]]

cpt3: v6 | v38 v39
[[[0.2522 0.7478]
  [0.9145 0.0855]]

 [[0.9627 0.0373]
  [0.9047 0.0953]]]

cpt4: v6 | v38 v39
[[[0.1083 0.8917]
  [0.8633 0.1367]]

 [[0.6286 0.3714]
  [0.9869 0.0131]]]

thres1: v6 | v38 v39
[[0.0025 0.7959]
 [0.9981 0.0272]]

thres2: v6 | v38 v39
[[0.9588 0.8035]
 [0.9981 0.0481]]

thres3: v6 | v38 v39
[[0.9604 0.8363]
 [0.9981 0.9536]]

cpt: v20 | v14
[[0.0199 0.9801]
 [0.4946 0.5054]]

cpt: v14 | 
[0.3599 0.6401]

cpt: v2 | 
[0.0328 0.9672]

cpt1: v9 | v2 v6 v20 v27
[[[[[0.0220 0.9780]
    [0.9952 0.0048]]

   [[0.9956 0.0044]
    [0.9771 0.0229]]]


  [[[0.9468 0.0532]
    [0.9242 0.0758]]

   [[0.0299 0.9701]
    [0.9342 0.0658]]]]



 [[[[0.9770 0.0230]
    [0.9531 0.0469]]

   [[0.9451 0.0549]
    [0.9033 0.0967]]]


  [[[0.0363 0.9637]
    [0.2238 0.7762]]

   [[0.9159 0.0841]
    [0.9942 0.0058]]]]]

cpt2: v9 | v2 v6 v20 v27
[[[[[0.1128 0.8872]
    [0.8633 0.1367]]

   [[0.7787 0.2213]
    [0.4946 0.5054]]]


  [[[0.4861 0.5139]
    [0.5055 0.4945]]

   [[0.0655 0.9345]
    [0.1700 0.8300]]]]



 [[[[0.9020 0.0980]
    [0.6167 0.3833]]

   [[0.9650 0.0350]
    [0.7109 0.2891]]]


  [[[0.7366 0.2634]
    [0.6571 0.3429]]

   [[0.8038 0.1962]
    [0.9348 0.0652]]]]]

cpt3: v9 | v2 v6 v20 v27
[[[[[0.1083 0.8917]
    [0.8633 0.1367]]

   [[0.7787 0.2213]
    [0.4946 0.5054]]]


  [[[0.4861 0.5139]
    [0.5055 0.4945]]

   [[0.1299 0.8701]
    [0.1698 0.8302]]]]



 [[[[0.7985 0.2015]
    [0.6167 0.3833]]

   [[0.8540 0.1460]
    [0.7109 0.2891]]]


  [[[0.9639 0.0361]
    [0.2046 0.7954]]

   [[0.7319 0.2681]
    [0.9348 0.0652]]]]]

cpt4: v9 | v2 v6 v20 v27
[[[[[0.1083 0.8917]
    [0.8633 0.1367]]

   [[0.7787 0.2213]
    [0.4946 0.5054]]]


  [[[0.4861 0.5139]
    [0.5055 0.4945]]

   [[0.1299 0.8701]
    [0.1698 0.8302]]]]



 [[[[0.7985 0.2015]
    [0.6167 0.3833]]

   [[0.8540 0.1460]
    [0.7109 0.2891]]]


  [[[0.7358 0.2642]
    [0.2046 0.7954]]

   [[0.7319 0.2681]
    [0.9348 0.0652]]]]]

thres1: v9 | v2 v6 v20 v27
[[[[0.1374 0.3674]
   [0.6100 0.2490]]

  [[0.4746 0.3956]
   [0.2681 0.1601]]]


 [[[0.9529 0.3910]
   [0.9759 0.6061]]

  [[0.0978 0.2178]
   [0.8477 0.7200]]]]

thres2: v9 | v2 v6 v20 v27
[[[[0.4224 0.4042]
   [0.6776 0.4402]]

  [[0.7383 0.6295]
   [0.5914 0.8008]]]


 [[[0.9536 0.5390]
   [0.9761 0.7031]]

  [[0.1227 0.7769]
   [0.8567 0.7340]]]]

thres3: v9 | v2 v6 v20 v27
[[[[0.7298 0.7464]
   [0.7474 0.7181]]

  [[0.7444 0.7101]
   [0.7100 0.8161]]]


 [[[0.9551 0.7077]
   [0.9764 0.7469]]

  [[0.8900 0.7919]
   [0.8700 0.7952]]]]

cpt1: v37 | v9
[[0.0271 0.2230 0.3549 0.2827 0.1123]
 [0.8584 0.0176 0.0643 0.0261 0.0336]]

cpt2: v37 | v9
[[0.0272 0.2357 0.3455 0.2786 0.1130]
 [0.7479 0.1311 0.0237 0.0134 0.0838]]

cpt3: v37 | v9
[[0.0574 0.7403 0.0330 0.0273 0.1420]
 [0.5038 0.0851 0.2261 0.0859 0.0991]]

cpt4: v37 | v9
[[0.1947 0.5253 0.0796 0.0231 0.1772]
 [0.2977 0.0471 0.4655 0.1368 0.0528]]

thres1: v37 | v9
[0.0003 0.0376]

thres2: v37 | v9
[0.0024 0.3303]

thres3: v37 | v9
[0.9976 0.7712]

