cpt: v25 | v8 v13
[[[0.0000 0.0029 0.0000 0.0077 0.9894]
  [0.0007 0.0007 0.0284 0.0005 0.9696]
  [0.2170 0.0053 0.7244 0.0193 0.0340]
  [0.9321 0.0053 0.0458 0.0088 0.0080]
  [0.0000 0.0000 0.0000 0.0000 1.0000]]

 [[0.0000 0.0000 0.0000 1.0000 0.0000]
  [0.0023 0.0044 0.9831 0.0082 0.0020]
  [0.0019 0.0028 0.0088 0.9810 0.0055]
  [0.0135 0.0097 0.0186 0.9528 0.0055]
  [0.0004 0.0057 0.0005 0.9896 0.0038]]

 [[0.0000 0.0003 0.0000 0.9996 0.0000]
  [0.0013 0.0019 0.0144 0.9817 0.0006]
  [0.0122 0.0580 0.0095 0.8210 0.0993]
  [0.0015 0.0012 0.0224 0.9741 0.0008]
  [0.0001 0.0005 0.0003 0.9988 0.0002]]

 [[0.0000 0.0000 0.0000 0.0000 1.0000]
  [0.0023 0.9505 0.0412 0.0041 0.0019]
  [0.0592 0.0443 0.0007 0.0066 0.8892]
  [0.0159 0.0204 0.2812 0.0491 0.6335]
  [0.0002 0.9929 0.0002 0.0002 0.0066]]

 [[0.0000 1.0000 0.0000 0.0000 0.0000]
  [0.0011 0.0051 0.9886 0.0043 0.0009]
  [0.0008 0.9940 0.0008 0.0029 0.0016]
  [0.0308 0.2253 0.1020 0.6324 0.0095]
  [0.0005 0.8007 0.0025 0.1733 0.0231]]]

cpt: v13 | 
[0.7029 0.0855 0.0514 0.1066 0.0536]

cpt: v8 | v27
[[0.9987 0.0004 0.0005 0.0002 0.0001]
 [1.0000 0.0000 0.0000 0.0000 0.0000]]

cpt: v27 | 
[0.3128 0.6872]

cpt: v30 | v7 v11 v36
[[[[0.0096 0.0547 0.0404 0.0083 0.8870]
   [0.0061 0.3891 0.4869 0.0361 0.0819]
   [0.0224 0.0442 0.0433 0.1317 0.7583]
   [0.0026 0.7388 0.2392 0.0053 0.0141]
   [0.0264 0.4008 0.4904 0.0073 0.0751]]

  [[0.0089 0.0129 0.0540 0.0683 0.8559]
   [0.0133 0.7862 0.0144 0.0474 0.1387]
   [0.0192 0.3412 0.3567 0.0627 0.2201]
   [0.0086 0.0131 0.0068 0.0190 0.9526]
   [0.0065 0.4407 0.1076 0.0537 0.3915]]

  [[0.0266 0.0131 0.7267 0.1116 0.1219]
   [0.1253 0.2326 0.0139 0.1786 0.4495]
   [0.0603 0.1634 0.0683 0.0869 0.6211]
   [0.0111 0.0239 0.4580 0.1826 0.3244]
   [0.0026 0.0057 0.0040 0.0046 0.9831]]

  [[0.0061 0.0062 0.0093 0.9600 0.0185]
   [0.1788 0.5751 0.1267 0.0810 0.0384]
   [0.6354 0.1739 0.1217 0.0391 0.0299]
   [0.0069 0.0148 0.1479 0.8158 0.0146]
   [0.1117 0.3946 0.0863 0.0396 0.3678]]

  [[0.0048 0.8693 0.0156 0.0203 0.0900]
   [0.0278 0.0950 0.1444 0.1189 0.6140]
   [0.0441 0.1500 0.0782 0.4118 0.3159]
   [0.0097 0.0222 0.0294 0.0455 0.8932]
   [0.0355 0.0936 0.1672 0.0471 0.6566]]]


 [[[0.3882 0.0195 0.2895 0.1079 0.1948]
   [0.2075 0.0992 0.1869 0.2819 0.2246]
   [0.2363 0.0080 0.0538 0.4274 0.2746]
   [0.0163 0.0085 0.0208 0.0485 0.9059]
   [0.0420 0.0031 0.1905 0.5653 0.1992]]

  [[0.0287 0.0003 0.0041 0.9572 0.0097]
   [0.0179 0.0010 0.0098 0.9027 0.0686]
   [0.0161 0.0003 0.0008 0.5343 0.4485]
   [0.0083 0.0004 0.0011 0.0080 0.9822]
   [0.0046 0.0002 0.0004 0.0013 0.9935]]

  [[0.1576 0.0657 0.0288 0.1029 0.6450]
   [0.4775 0.0706 0.2311 0.1086 0.1122]
   [0.2491 0.1763 0.3347 0.1524 0.0876]
   [0.3164 0.1498 0.1041 0.0414 0.3883]
   [0.0378 0.1696 0.1985 0.1117 0.4824]]

  [[0.6658 0.0495 0.0865 0.1498 0.0484]
   [0.0450 0.0345 0.2648 0.6501 0.0056]
   [0.0636 0.0039 0.2534 0.6716 0.0075]
   [0.4929 0.0582 0.3133 0.1025 0.0331]
   [0.6226 0.0315 0.2984 0.0410 0.0065]]

  [[0.3198 0.0893 0.4405 0.0533 0.0970]
   [0.1651 0.1415 0.3117 0.1771 0.2046]
   [0.0819 0.4494 0.1466 0.1573 0.1648]
   [0.0038 0.0078 0.0080 0.0089 0.9715]
   [0.0699 0.5811 0.1084 0.0650 0.1756]]]


 [[[0.0009 0.0019 0.9956 0.0015 0.0001]
   [0.0115 0.0612 0.4045 0.5014 0.0215]
   [0.0659 0.1380 0.5303 0.2458 0.0200]
   [0.0008 0.0073 0.9891 0.0013 0.0015]
   [0.0031 0.0093 0.9706 0.0157 0.0012]]

  [[0.0118 0.0021 0.9806 0.0039 0.0016]
   [0.0262 0.3727 0.4444 0.1385 0.0180]
   [0.0308 0.7211 0.1117 0.0994 0.0370]
   [0.1540 0.1068 0.6263 0.0241 0.0887]
   [0.0063 0.0875 0.8670 0.0173 0.0219]]

  [[0.0207 0.0517 0.7276 0.1818 0.0182]
   [0.0334 0.0292 0.0577 0.5844 0.2953]
   [0.0449 0.0325 0.1036 0.0211 0.7980]
   [0.0073 0.0096 0.8929 0.0842 0.0060]
   [0.0104 0.0268 0.0185 0.3490 0.5952]]

  [[0.0016 0.9859 0.0045 0.0040 0.0040]
   [0.0038 0.9861 0.0026 0.0029 0.0046]
   [0.0086 0.9503 0.0023 0.0065 0.0323]
   [0.0023 0.9758 0.0049 0.0104 0.0066]
   [0.0044 0.0073 0.0096 0.0026 0.9762]]

  [[0.0167 0.0046 0.1374 0.7957 0.0457]
   [0.0122 0.4976 0.3809 0.0777 0.0316]
   [0.0734 0.2841 0.1962 0.1495 0.2969]
   [0.0275 0.0157 0.8335 0.1085 0.0148]
   [0.0541 0.0908 0.2082 0.1121 0.5348]]]


 [[[0.0005 0.0028 0.0004 0.0004 0.9958]
   [0.0066 0.8458 0.0185 0.0045 0.1247]
   [0.0124 0.0288 0.0036 0.0090 0.9463]
   [0.0243 0.0205 0.0781 0.0032 0.8739]
   [0.0173 0.0103 0.0077 0.0049 0.9597]]

  [[0.0015 0.0047 0.0002 0.0003 0.9933]
   [0.0230 0.0295 0.0181 0.8823 0.0471]
   [0.0010 0.9899 0.0033 0.0014 0.0043]
   [0.0051 0.0060 0.0008 0.0012 0.9869]
   [0.0444 0.7508 0.0750 0.0383 0.0915]]

  [[0.0016 0.0003 0.0071 0.0156 0.9754]
   [0.0276 0.0119 0.2906 0.1514 0.5184]
   [0.0073 0.0024 0.0417 0.0245 0.9240]
   [0.0004 0.0003 0.0040 0.0007 0.9946]
   [0.0067 0.0015 0.0551 0.0202 0.9165]]

  [[0.0160 0.0009 0.0382 0.9411 0.0038]
   [0.0072 0.0018 0.0136 0.9712 0.0062]
   [0.0864 0.0107 0.0094 0.8833 0.0103]
   [0.1859 0.0072 0.6616 0.0697 0.0757]
   [0.0339 0.0057 0.0688 0.8761 0.0155]]

  [[0.0040 0.0012 0.0284 0.0111 0.9554]
   [0.0528 0.0513 0.1076 0.6504 0.1380]
   [0.1592 0.0520 0.2878 0.4099 0.0910]
   [0.0026 0.0012 0.0184 0.0086 0.9693]
   [0.0518 0.0264 0.4308 0.0098 0.4811]]]


 [[[0.0449 0.0320 0.1717 0.7436 0.0078]
   [0.1022 0.1534 0.2553 0.3535 0.1355]
   [0.0484 0.3698 0.0347 0.5403 0.0067]
   [0.0183 0.8402 0.0562 0.0807 0.0046]
   [0.0202 0.9479 0.0064 0.0211 0.0044]]

  [[0.1375 0.1175 0.1449 0.5789 0.0213]
   [0.2078 0.2045 0.5263 0.0526 0.0088]
   [0.1781 0.0213 0.0157 0.7082 0.0767]
   [0.0414 0.0495 0.8406 0.0347 0.0338]
   [0.0116 0.9462 0.0254 0.0086 0.0083]]

  [[0.1406 0.6132 0.1250 0.0911 0.0301]
   [0.0431 0.2721 0.1082 0.5557 0.0209]
   [0.1111 0.5453 0.0239 0.2555 0.0641]
   [0.1009 0.3443 0.5092 0.0106 0.0351]
   [0.0632 0.2641 0.0828 0.5559 0.0340]]

  [[0.0084 0.0516 0.0065 0.0453 0.8882]
   [0.0090 0.9719 0.0054 0.0038 0.0100]
   [0.0393 0.4853 0.0244 0.0256 0.4255]
   [0.0362 0.2621 0.1607 0.2016 0.3394]
   [0.6231 0.1951 0.1201 0.0528 0.0090]]

  [[0.0066 0.2775 0.0600 0.6457 0.0103]
   [0.3474 0.0305 0.2528 0.0438 0.3255]
   [0.0352 0.0076 0.0072 0.9439 0.0061]
   [0.0387 0.9070 0.0365 0.0132 0.0045]
   [0.2434 0.2204 0.1810 0.3193 0.0359]]]]

cpt: v36 | 
[0.0499 0.0071 0.2636 0.1076 0.5718]

cpt: v23 | v11
[[0.0513 0.6041 0.0088 0.0011 0.3347]
 [0.0040 0.0488 0.3878 0.5568 0.0027]
 [0.3516 0.5267 0.0029 0.0174 0.1013]
 [0.0013 0.9964 0.0001 0.0016 0.0006]
 [0.1248 0.8127 0.0026 0.0438 0.0161]]

cpt: v24 | v23
[[0.5251 0.4542 0.0154 0.0050 0.0003]
 [0.0035 0.9878 0.0048 0.0039 0.0000]
 [0.0001 0.9367 0.0063 0.0012 0.0558]
 [0.0005 0.0082 0.9269 0.0618 0.0026]
 [0.0880 0.8947 0.0148 0.0022 0.0003]]

cpt: v11 | 
[0.0164 0.2218 0.1572 0.0145 0.5900]

cpt: v38 | v7
[[0.0397 0.9603]
 [0.0365 0.9635]
 [0.0457 0.9543]
 [0.0142 0.9858]
 [0.0312 0.9688]]

cpt: v7 | 
[0.0000 0.9998 0.0001 0.0001 0.0000]

cpt: v29 | v21
[[0.4336 0.2143 0.1722 0.1274 0.0524]
 [0.0281 0.1619 0.7286 0.0629 0.0186]
 [0.1591 0.0451 0.1156 0.4612 0.2190]
 [0.1255 0.4385 0.1604 0.2296 0.0460]
 [0.4129 0.1485 0.3670 0.0213 0.0502]]

cpt: v21 | 
[0.3385 0.3764 0.1067 0.1212 0.0572]

cpt: v39 | v29
[[0.0804 0.9196]
 [0.0793 0.9207]
 [0.5584 0.4416]
 [0.0877 0.9123]
 [0.0022 0.9978]]

cpt1: v6 | v38 v39
[[[0.9823 0.0177]
  [0.0001 0.9999]]

 [[0.0003 0.9997]
  [0.0004 0.9996]]]

cpt2: v6 | v38 v39
[[[0.0224 0.9776]
  [0.0001 0.9999]]

 [[0.0004 0.9996]
  [0.0006 0.9994]]]

cpt3: v6 | v38 v39
[[[0.0004 0.9996]
  [0.0003 0.9997]]

 [[0.0008 0.9992]
  [0.0068 0.9932]]]

cpt4: v6 | v38 v39
[[[0.9998 0.0002]
  [0.0002 0.9998]]

 [[0.9981 0.0019]
  [0.0038 0.9962]]]

cpt5: v6 | v38 v39
[[[0.9998 0.0002]
  [0.9995 0.0005]]

 [[0.0682 0.9318]
  [0.0009 0.9991]]]

cpt6: v6 | v38 v39
[[[0.9997 0.0003]
  [0.1814 0.8186]]

 [[0.1651 0.8349]
  [0.9963 0.0037]]]

cpt7: v6 | v38 v39
[[[0.9995 0.0005]
  [0.0414 0.9586]]

 [[0.0012 0.9988]
  [0.9936 0.0064]]]

cpt8: v6 | v38 v39
[[[0.9996 0.0004]
  [0.0531 0.9469]]

 [[0.9557 0.0443]
  [0.9010 0.0990]]]

cpt9: v6 | v38 v39
[[[0.9820 0.0180]
  [0.6607 0.3393]]

 [[0.7973 0.2027]
  [0.8903 0.1097]]]

thres1: v6 | v38 v39
[[0.3324 0.0001]
 [0.0000 0.0000]]

thres2: v6 | v38 v39
[[0.4260 0.0003]
 [0.0000 0.0000]]

thres3: v6 | v38 v39
[[0.6897 0.0003]
 [0.0001 0.0000]]

thres4: v6 | v38 v39
[[0.7009 0.0004]
 [0.9991 0.0001]]

thres5: v6 | v38 v39
[[0.7039 0.9995]
 [0.9991 0.0001]]

thres6: v6 | v38 v39
[[0.7053 0.9995]
 [0.9991 0.9997]]

thres7: v6 | v38 v39
[[0.7068 0.9995]
 [0.9991 0.9997]]

thres8: v6 | v38 v39
[[0.7103 0.9995]
 [0.9991 0.9997]]

cpt: v20 | v14
[[0.9491 0.0509]
 [0.0001 0.9999]]

cpt: v14 | 
[0.9805 0.0195]

cpt: v2 | 
[0.7450 0.2550]

cpt1: v9 | v2 v6 v20 v27
[[[[[0.0251 0.9749]
    [0.0007 0.9993]]

   [[1.0000 0.0000]
    [0.0002 0.9998]]]


  [[[1.0000 0.0000]
    [0.9998 0.0002]]

   [[0.0001 0.9999]
    [0.0015 0.9985]]]]



 [[[[0.0001 0.9999]
    [0.0000 1.0000]]

   [[0.9998 0.0002]
    [0.0003 0.9997]]]


  [[[0.0001 0.9999]
    [1.0000 0.0000]]

   [[0.0007 0.9993]
    [0.9999 0.0001]]]]]

cpt2: v9 | v2 v6 v20 v27
[[[[[0.9960 0.0040]
    [0.0024 0.9976]]

   [[0.9999 0.0001]
    [0.8160 0.1840]]]


  [[[0.9376 0.0624]
    [0.9997 0.0003]]

   [[0.6022 0.3978]
    [0.9354 0.0646]]]]



 [[[[0.0000 1.0000]
    [0.0019 0.9981]]

   [[0.9987 0.0013]
    [0.3826 0.6174]]]


  [[[0.9076 0.0924]
    [0.9098 0.0902]]

   [[1.0000 0.0000]
    [0.7117 0.2883]]]]]

cpt3: v9 | v2 v6 v20 v27
[[[[[0.0096 0.9904]
    [0.9998 0.0002]]

   [[0.9999 0.0001]
    [0.2116 0.7884]]]


  [[[0.9791 0.0209]
    [0.9995 0.0005]]

   [[0.7930 0.2070]
    [0.4846 0.5154]]]]



 [[[[0.0000 1.0000]
    [0.9983 0.0017]]

   [[0.9984 0.0016]
    [0.3335 0.6665]]]


  [[[0.3058 0.6942]
    [0.0154 0.9846]]

   [[0.9970 0.0030]
    [0.9493 0.0507]]]]]

cpt4: v9 | v2 v6 v20 v27
[[[[[0.0055 0.9945]
    [0.0005 0.9995]]

   [[0.9651 0.0349]
    [0.2115 0.7885]]]


  [[[0.7371 0.2629]
    [0.0135 0.9865]]

   [[0.2867 0.7133]
    [0.3934 0.6066]]]]



 [[[[0.0001 0.9999]
    [0.3353 0.6647]]

   [[0.9275 0.0725]
    [0.3335 0.6665]]]


  [[[0.3435 0.6565]
    [0.0465 0.9535]]

   [[0.5625 0.4375]
    [0.8857 0.1143]]]]]

cpt5: v9 | v2 v6 v20 v27
[[[[[0.9935 0.0065]
    [0.0068 0.9932]]

   [[0.9971 0.0029]
    [0.2115 0.7885]]]


  [[[0.7371 0.2629]
    [0.0190 0.9810]]

   [[0.2867 0.7133]
    [0.5717 0.4283]]]]



 [[[[1.0000 0.0000]
    [0.0054 0.9946]]

   [[0.9275 0.0725]
    [0.3335 0.6665]]]


  [[[0.3403 0.6597]
    [0.4561 0.5439]]

   [[0.3248 0.6752]
    [0.5754 0.4246]]]]]

cpt6: v9 | v2 v6 v20 v27
[[[[[0.9287 0.0713]
    [0.0084 0.9916]]

   [[0.9411 0.0589]
    [0.2115 0.7885]]]


  [[[0.7371 0.2629]
    [0.9937 0.0063]]

   [[0.2867 0.7133]
    [0.5717 0.4283]]]]



 [[[[1.0000 0.0000]
    [0.0310 0.9690]]

   [[0.9275 0.0725]
    [0.3335 0.6665]]]


  [[[0.3062 0.6938]
    [0.4527 0.5473]]

   [[0.3144 0.6856]
    [0.5754 0.4246]]]]]

cpt7: v9 | v2 v6 v20 v27
[[[[[0.0106 0.9894]
    [0.9999 0.0001]]

   [[0.9544 0.0456]
    [0.2115 0.7885]]]


  [[[0.7371 0.2629]
    [0.1807 0.8193]]

   [[0.2867 0.7133]
    [0.5717 0.4283]]]]



 [[[[0.5253 0.4747]
    [0.0324 0.9676]]

   [[0.9275 0.0725]
    [0.3335 0.6665]]]


  [[[0.2891 0.7109]
    [0.4527 0.5473]]

   [[0.3144 0.6856]
    [0.5754 0.4246]]]]]

cpt8: v9 | v2 v6 v20 v27
[[[[[0.0000 1.0000]
    [0.9996 0.0004]]

   [[0.7760 0.2240]
    [0.2115 0.7885]]]


  [[[0.7371 0.2629]
    [0.0263 0.9737]]

   [[0.2867 0.7133]
    [0.5717 0.4283]]]]



 [[[[0.0877 0.9123]
    [0.0333 0.9667]]

   [[0.9275 0.0725]
    [0.3335 0.6665]]]


  [[[0.2839 0.7161]
    [0.4527 0.5473]]

   [[0.3144 0.6856]
    [0.5754 0.4246]]]]]

cpt9: v9 | v2 v6 v20 v27
[[[[[0.6772 0.3228]
    [0.8228 0.1772]]

   [[0.7760 0.2240]
    [0.2115 0.7885]]]


  [[[0.7371 0.2629]
    [0.2813 0.7187]]

   [[0.2867 0.7133]
    [0.5717 0.4283]]]]



 [[[[0.0928 0.9072]
    [0.0252 0.9748]]

   [[0.9275 0.0725]
    [0.3335 0.6665]]]


  [[[0.2837 0.7163]
    [0.4527 0.5473]]

   [[0.3144 0.6856]
    [0.5754 0.4246]]]]]

thres1: v9 | v2 v6 v20 v27
[[[[0.0072 0.0000]
   [0.1795 0.4446]]

  [[0.9692 0.0000]
   [0.9039 0.2145]]]


 [[[0.0125 0.5653]
   [0.7921 0.5278]]

  [[0.9555 0.7443]
   [0.0000 0.2245]]]]

thres2: v9 | v2 v6 v20 v27
[[[[0.0098 0.0000]
   [0.2106 0.5690]]

  [[0.9694 0.0000]
   [0.9058 0.2862]]]


 [[[0.0128 0.7443]
   [0.7933 0.5984]]

  [[0.9560 0.7642]
   [0.9107 0.2841]]]]

thres3: v9 | v2 v6 v20 v27
[[[[0.0106 0.0000]
   [0.2454 0.5985]]

  [[0.9697 0.0000]
   [0.9064 0.3512]]]


 [[[0.0128 0.7472]
   [0.8097 0.6080]]

  [[0.9564 0.7752]
   [0.9147 0.3093]]]]

thres4: v9 | v2 v6 v20 v27
[[[[0.0114 0.0000]
   [0.4660 0.6444]]

  [[0.9697 0.9969]
   [0.9086 0.4111]]]


 [[[0.0143 0.7485]
   [0.8165 0.6372]]

  [[0.9566 0.7874]
   [0.9149 0.3712]]]]

thres5: v9 | v2 v6 v20 v27
[[[[0.0120 0.0000]
   [0.5480 0.6521]]

  [[0.9698 0.9969]
   [0.9096 0.4517]]]


 [[[0.0645 0.7491]
   [0.8177 0.6489]]

  [[0.9568 0.7880]
   [0.9157 0.3914]]]]

thres6: v9 | v2 v6 v20 v27
[[[[0.0127 0.0000]
   [0.5686 0.6830]]

  [[0.9699 0.9969]
   [0.9100 0.4698]]]


 [[[0.9183 0.7496]
   [0.8248 0.6578]]

  [[0.9569 0.7899]
   [0.9167 0.4061]]]]

thres7: v9 | v2 v6 v20 v27
[[[[0.0183 0.9965]
   [0.5986 0.6900]]

  [[0.9699 0.9969]
   [0.9106 0.5580]]]


 [[[0.9193 0.7498]
   [0.8274 0.6755]]

  [[0.9571 0.7937]
   [0.9182 0.6421]]]]

thres8: v9 | v2 v6 v20 v27
[[[[0.9819 0.9965]
   [0.6698 0.6950]]

  [[0.9702 0.9969]
   [0.9128 0.6652]]]


 [[[0.9201 0.7501]
   [0.8320 0.7128]]

  [[0.9575 0.8034]
   [0.9184 0.6851]]]]

cpt1: v37 | v9
[[0.0420 0.8116 0.0086 0.0809 0.0569]
 [0.0030 0.9810 0.0092 0.0010 0.0058]]

cpt2: v37 | v9
[[0.0541 0.5828 0.0052 0.0775 0.2804]
 [0.0034 0.9768 0.0115 0.0012 0.0071]]

cpt3: v37 | v9
[[0.0410 0.0807 0.0035 0.0686 0.8062]
 [0.1307 0.6540 0.0335 0.0200 0.1618]]

cpt4: v37 | v9
[[0.0782 0.7309 0.0311 0.0298 0.1301]
 [0.0016 0.0059 0.9835 0.0038 0.0052]]

cpt5: v37 | v9
[[0.0203 0.3840 0.0118 0.0024 0.5814]
 [0.0545 0.2700 0.5675 0.0827 0.0253]]

cpt6: v37 | v9
[[0.0138 0.8355 0.0124 0.0052 0.1331]
 [0.0375 0.2455 0.6099 0.0835 0.0235]]

cpt7: v37 | v9
[[0.0321 0.9196 0.0150 0.0145 0.0189]
 [0.0343 0.2421 0.6190 0.0817 0.0229]]

cpt8: v37 | v9
[[0.6832 0.2170 0.0582 0.0324 0.0092]
 [0.0343 0.2421 0.6190 0.0817 0.0229]]

cpt9: v37 | v9
[[0.1003 0.8800 0.0004 0.0026 0.0167]
 [0.0343 0.2421 0.6190 0.0817 0.0229]]

thres1: v37 | v9
[0.0020 0.0000]

thres2: v37 | v9
[0.0025 0.0001]

thres3: v37 | v9
[0.0028 0.9985]

thres4: v37 | v9
[0.9946 0.9985]

thres5: v37 | v9
[0.9946 0.9985]

thres6: v37 | v9
[0.9946 0.9985]

thres7: v37 | v9
[0.9946 0.9985]

thres8: v37 | v9
[0.9946 0.9985]

