cpt: v25 | v8 v13
[[[0.9989 0.0009 0.0000 0.0000 0.0002]
  [0.0096 0.0032 0.0000 0.2367 0.7505]
  [0.0011 0.0106 0.0000 0.1707 0.8176]
  [0.0003 0.0037 0.9959 0.0000 0.0001]
  [0.0013 0.9980 0.0000 0.0003 0.0005]]

 [[0.9998 0.0001 0.0000 0.0000 0.0000]
  [0.0001 0.0033 0.0000 0.9957 0.0010]
  [0.0001 0.0001 0.0000 0.0003 0.9995]
  [0.0010 0.0005 0.9985 0.0000 0.0000]
  [0.0002 0.9992 0.0000 0.0001 0.0005]]

 [[0.9954 0.0046 0.0000 0.0000 0.0000]
  [0.0007 0.9583 0.0000 0.0227 0.0183]
  [0.0003 0.0156 0.0000 0.0976 0.8864]
  [0.0003 0.0006 0.9991 0.0000 0.0001]
  [0.0006 0.9925 0.0000 0.0001 0.0068]]

 [[0.9986 0.0007 0.0000 0.0007 0.0000]
  [0.0008 0.0610 0.0000 0.5484 0.3898]
  [0.0002 0.0020 0.0000 0.0274 0.9705]
  [0.0119 0.0013 0.9864 0.0000 0.0004]
  [0.0007 0.9886 0.0000 0.0006 0.0101]]

 [[0.0046 0.9953 0.0000 0.0000 0.0001]
  [0.0093 0.0149 0.0000 0.8819 0.0939]
  [0.0001 0.0365 0.0000 0.0843 0.8791]
  [0.0019 0.0040 0.9939 0.0000 0.0002]
  [0.9965 0.0021 0.0000 0.0002 0.0012]]]

cpt: v13 | 
[0.0026 0.7241 0.0249 0.2479 0.0005]

cpt: v8 | v27
[[0.9876 0.0000 0.0000 0.0119 0.0005]
 [0.0031 0.0914 0.2619 0.0000 0.6436]]

cpt: v27 | 
[0.2290 0.7710]

cpt: v30 | v7 v11 v36
[[[[0.0402 0.0166 0.0836 0.0656 0.7940]
   [0.4293 0.0279 0.2086 0.1822 0.1520]
   [0.0549 0.0573 0.0465 0.5943 0.2471]
   [0.0528 0.0557 0.4177 0.3459 0.1280]
   [0.0278 0.0255 0.2517 0.6489 0.0461]]

  [[0.0532 0.0726 0.0249 0.1190 0.7302]
   [0.0098 0.0300 0.0549 0.8732 0.0321]
   [0.0206 0.0887 0.4377 0.0651 0.3879]
   [0.0483 0.0887 0.0189 0.8252 0.0189]
   [0.2180 0.6552 0.0140 0.1004 0.0124]]

  [[0.1318 0.0940 0.0249 0.6606 0.0887]
   [0.2900 0.1680 0.2050 0.2694 0.0676]
   [0.0924 0.0524 0.0548 0.7569 0.0436]
   [0.4233 0.0243 0.1970 0.0851 0.2703]
   [0.0411 0.0382 0.0398 0.0666 0.8143]]

  [[0.0228 0.0025 0.6220 0.2835 0.0691]
   [0.0514 0.0020 0.1315 0.7908 0.0243]
   [0.1006 0.0113 0.1985 0.5825 0.1071]
   [0.1024 0.0057 0.2170 0.1245 0.5504]
   [0.0003 0.0001 0.0077 0.9895 0.0025]]

  [[0.0170 0.0029 0.9281 0.0415 0.0105]
   [0.0212 0.0072 0.1138 0.8078 0.0501]
   [0.0177 0.0222 0.0554 0.5172 0.3875]
   [0.0043 0.0016 0.0109 0.9821 0.0011]
   [0.0011 0.0004 0.0018 0.0018 0.9949]]]


 [[[0.0678 0.0193 0.1056 0.6401 0.1672]
   [0.0176 0.0168 0.0582 0.0974 0.8100]
   [0.0376 0.0646 0.1854 0.1738 0.5387]
   [0.0408 0.0080 0.0220 0.8786 0.0506]
   [0.0031 0.0318 0.2061 0.3212 0.4378]]

  [[0.0065 0.0043 0.0029 0.9828 0.0036]
   [0.0028 0.0033 0.0032 0.9894 0.0014]
   [0.0366 0.0243 0.0212 0.8921 0.0258]
   [0.0011 0.0026 0.0006 0.9950 0.0006]
   [0.0003 0.0002 0.0006 0.9987 0.0002]]

  [[0.0786 0.0055 0.7780 0.0364 0.1015]
   [0.0144 0.0217 0.0343 0.9090 0.0206]
   [0.0131 0.0121 0.0223 0.8970 0.0555]
   [0.0389 0.0059 0.0397 0.8402 0.0753]
   [0.0304 0.0403 0.6628 0.1327 0.1339]]

  [[0.0164 0.0059 0.6816 0.2355 0.0605]
   [0.0051 0.0003 0.0196 0.9542 0.0209]
   [0.0381 0.0132 0.5918 0.1981 0.1587]
   [0.0111 0.0027 0.9639 0.0150 0.0074]
   [0.0264 0.0210 0.0530 0.8884 0.0112]]

  [[0.0058 0.0075 0.0119 0.9541 0.0207]
   [0.1388 0.0017 0.0767 0.6335 0.1493]
   [0.0699 0.0056 0.2548 0.5923 0.0773]
   [0.0017 0.0003 0.0012 0.9955 0.0013]
   [0.0822 0.6193 0.0361 0.0581 0.2043]]]


 [[[0.0187 0.0062 0.9597 0.0104 0.0051]
   [0.0388 0.0266 0.3857 0.0835 0.4654]
   [0.2042 0.0422 0.0271 0.6108 0.1156]
   [0.0083 0.0074 0.9394 0.0237 0.0212]
   [0.0095 0.0043 0.8799 0.0068 0.0995]]

  [[0.0017 0.0028 0.0041 0.9898 0.0015]
   [0.0058 0.0077 0.0026 0.9811 0.0029]
   [0.0278 0.0131 0.0125 0.9332 0.0133]
   [0.0128 0.0045 0.0025 0.9794 0.0008]
   [0.0069 0.0235 0.0087 0.0261 0.9348]]

  [[0.0725 0.0092 0.7902 0.1022 0.0259]
   [0.0812 0.0136 0.0445 0.8450 0.0157]
   [0.2953 0.0115 0.3644 0.2842 0.0447]
   [0.0278 0.0129 0.8688 0.0353 0.0553]
   [0.0073 0.0017 0.9750 0.0131 0.0029]]

  [[0.7451 0.0005 0.2191 0.0308 0.0045]
   [0.0644 0.0009 0.0074 0.0371 0.8902]
   [0.0039 0.0025 0.0142 0.0132 0.9661]
   [0.0902 0.0009 0.0055 0.0081 0.8953]
   [0.0016 0.0015 0.0116 0.0026 0.9828]]

  [[0.0320 0.0005 0.9416 0.0130 0.0129]
   [0.6621 0.0006 0.0939 0.0174 0.2260]
   [0.0903 0.0045 0.7130 0.0827 0.1095]
   [0.8750 0.0025 0.0116 0.0706 0.0403]
   [0.8511 0.0574 0.0139 0.0111 0.0664]]]


 [[[0.0030 0.0008 0.0033 0.0009 0.9920]
   [0.0365 0.0001 0.0002 0.0003 0.9629]
   [0.0184 0.0463 0.7628 0.0126 0.1599]
   [0.0031 0.0043 0.9838 0.0013 0.0075]
   [0.9995 0.0000 0.0001 0.0000 0.0004]]

  [[0.7356 0.0050 0.0271 0.2107 0.0215]
   [0.9221 0.0002 0.0696 0.0008 0.0073]
   [0.0224 0.0050 0.0357 0.0139 0.9230]
   [0.0020 0.0015 0.0079 0.9863 0.0024]
   [0.0087 0.0000 0.0001 0.0001 0.9910]]

  [[0.0604 0.0282 0.8250 0.0114 0.0750]
   [0.6377 0.0196 0.0285 0.2539 0.0603]
   [0.0138 0.0181 0.0274 0.0056 0.9351]
   [0.0074 0.0296 0.8873 0.0058 0.0700]
   [0.0025 0.0005 0.9913 0.0013 0.0043]]

  [[0.8788 0.1210 0.0000 0.0002 0.0001]
   [0.9998 0.0002 0.0000 0.0000 0.0000]
   [0.0016 0.9978 0.0001 0.0001 0.0004]
   [0.9992 0.0006 0.0000 0.0001 0.0000]
   [0.0007 0.9993 0.0000 0.0000 0.0000]]

  [[0.0001 0.9998 0.0000 0.0000 0.0000]
   [0.0001 0.9999 0.0000 0.0000 0.0000]
   [0.0087 0.9910 0.0001 0.0001 0.0001]
   [0.9926 0.0073 0.0000 0.0000 0.0000]
   [0.2901 0.7099 0.0000 0.0000 0.0000]]]


 [[[0.0084 0.0039 0.0374 0.0737 0.8766]
   [0.0008 0.0037 0.7285 0.1539 0.1131]
   [0.0137 0.0056 0.0965 0.1612 0.7230]
   [0.0036 0.0006 0.0018 0.9900 0.0039]
   [0.0001 0.0001 0.1622 0.8359 0.0018]]

  [[0.0127 0.6285 0.0006 0.3579 0.0003]
   [0.0008 0.0154 0.9816 0.0021 0.0001]
   [0.0052 0.0524 0.0010 0.9401 0.0013]
   [0.0008 0.0005 0.0000 0.9986 0.0001]
   [0.0001 0.9977 0.0006 0.0014 0.0002]]

  [[0.1170 0.0100 0.0224 0.7623 0.0883]
   [0.2350 0.0262 0.3011 0.1945 0.2432]
   [0.0254 0.0050 0.0252 0.9144 0.0300]
   [0.0152 0.0009 0.0029 0.9767 0.0043]
   [0.0125 0.0047 0.3571 0.6225 0.0032]]

  [[0.0008 0.0035 0.0175 0.0529 0.9252]
   [0.0000 0.0000 0.0003 0.0007 0.9991]
   [0.0022 0.0123 0.0108 0.9234 0.0513]
   [0.0060 0.0048 0.0047 0.9815 0.0031]
   [0.0116 0.0225 0.0691 0.2644 0.6323]]

  [[0.0008 0.0000 0.9943 0.0034 0.0015]
   [0.4559 0.0000 0.1768 0.2632 0.1041]
   [0.0143 0.0002 0.8062 0.0655 0.1138]
   [0.0006 0.0001 0.2888 0.1206 0.5899]
   [0.5211 0.0150 0.0739 0.1468 0.2431]]]]

cpt: v36 | 
[0.0048 0.0046 0.0007 0.0011 0.9888]

cpt: v23 | v11
[[0.9997 0.0001 0.0000 0.0000 0.0001]
 [1.0000 0.0000 0.0000 0.0000 0.0000]
 [0.9999 0.0000 0.0000 0.0000 0.0000]
 [0.0000 0.0044 0.9938 0.0014 0.0004]
 [0.5291 0.0229 0.3923 0.0315 0.0241]]

cpt: v24 | v23
[[0.0000 0.0000 0.0000 0.0000 1.0000]
 [0.1348 0.0029 0.7082 0.1537 0.0004]
 [0.2359 0.1386 0.0149 0.6094 0.0012]
 [0.1179 0.0027 0.8757 0.0029 0.0008]
 [0.0962 0.0035 0.8938 0.0035 0.0030]]

cpt: v11 | 
[0.1080 0.0271 0.0003 0.1878 0.6767]

cpt: v38 | v7
[[0.9960 0.0040]
 [1.0000 0.0000]
 [0.9999 0.0001]
 [0.1225 0.8775]
 [1.0000 0.0000]]

cpt: v7 | 
[0.0000 0.0018 0.0000 0.0000 0.9982]

cpt: v29 | v21
[[0.0451 0.0201 0.1144 0.0619 0.7585]
 [0.4392 0.0279 0.1634 0.1767 0.1927]
 [0.0836 0.1770 0.0541 0.3346 0.3507]
 [0.0289 0.2327 0.5845 0.0845 0.0695]
 [0.0319 0.0716 0.7505 0.1115 0.0344]]

cpt: v21 | 
[0.0463 0.0195 0.1051 0.0611 0.7680]

cpt: v39 | v29
[[1.0000 0.0000]
 [0.0000 1.0000]
 [0.0000 1.0000]
 [0.9987 0.0013]
 [0.9996 0.0004]]

cpt1: v6 | v38 v39
[[[0.9997 0.0003]
  [0.0001 0.9999]]

 [[0.0020 0.9980]
  [0.0000 1.0000]]]

cpt2: v6 | v38 v39
[[[0.9947 0.0053]
  [0.0001 0.9999]]

 [[0.0005 0.9995]
  [0.0001 0.9999]]]

cpt3: v6 | v38 v39
[[[0.6843 0.3157]
  [1.0000 0.0000]]

 [[0.9984 0.0016]
  [0.0027 0.9973]]]

cpt4: v6 | v38 v39
[[[0.0014 0.9986]
  [1.0000 0.0000]]

 [[0.0775 0.9225]
  [0.0086 0.9914]]]

cpt5: v6 | v38 v39
[[[0.0362 0.9638]
  [1.0000 0.0000]]

 [[0.7113 0.2887]
  [0.0011 0.9989]]]

cpt6: v6 | v38 v39
[[[0.0110 0.9890]
  [1.0000 0.0000]]

 [[0.0084 0.9916]
  [0.0061 0.9939]]]

cpt7: v6 | v38 v39
[[[0.5718 0.4282]
  [1.0000 0.0000]]

 [[0.0062 0.9938]
  [0.0019 0.9981]]]

thres1: v6 | v38 v39
[[0.1621 1.0000]
 [0.0001 0.9994]]

thres2: v6 | v38 v39
[[0.3157 1.0000]
 [0.9997 0.9994]]

thres3: v6 | v38 v39
[[0.4558 1.0000]
 [0.9997 0.9994]]

thres4: v6 | v38 v39
[[0.4979 1.0000]
 [0.9997 0.9994]]

thres5: v6 | v38 v39
[[0.5924 1.0000]
 [0.9997 0.9994]]

thres6: v6 | v38 v39
[[0.6675 1.0000]
 [0.9997 0.9994]]

cpt: v20 | v14
[[0.6638 0.3362]
 [0.6641 0.3359]]

cpt: v14 | 
[0.9457 0.0543]

cpt: v2 | 
[0.3694 0.6306]

cpt1: v9 | v2 v6 v20 v27
[[[[[0.0006 0.9994]
    [0.9978 0.0022]]

   [[0.0001 0.9999]
    [0.0001 0.9999]]]


  [[[0.0003 0.9997]
    [1.0000 0.0000]]

   [[0.0007 0.9993]
    [0.0006 0.9994]]]]



 [[[[0.0000 1.0000]
    [0.0000 1.0000]]

   [[0.0009 0.9991]
    [0.0000 1.0000]]]


  [[[1.0000 0.0000]
    [0.0000 1.0000]]

   [[0.9998 0.0002]
    [1.0000 0.0000]]]]]

cpt2: v9 | v2 v6 v20 v27
[[[[[0.0010 0.9990]
    [0.9713 0.0287]]

   [[0.0247 0.9753]
    [0.0000 1.0000]]]


  [[[0.0001 0.9999]
    [0.9169 0.0831]]

   [[0.0006 0.9994]
    [0.0000 1.0000]]]]



 [[[[0.0004 0.9996]
    [0.1518 0.8482]]

   [[0.1554 0.8446]
    [0.0015 0.9985]]]


  [[[0.9472 0.0528]
    [0.1176 0.8824]]

   [[1.0000 0.0000]
    [0.9638 0.0362]]]]]

cpt3: v9 | v2 v6 v20 v27
[[[[[0.0000 1.0000]
    [0.9411 0.0589]]

   [[0.3171 0.6829]
    [0.0007 0.9993]]]


  [[[0.0000 1.0000]
    [0.8237 0.1763]]

   [[0.0000 1.0000]
    [0.0311 0.9689]]]]



 [[[[0.0131 0.9869]
    [0.6240 0.3760]]

   [[0.3508 0.6492]
    [0.1477 0.8523]]]


  [[[0.5330 0.4670]
    [0.3911 0.6089]]

   [[0.9787 0.0213]
    [0.5834 0.4166]]]]]

cpt4: v9 | v2 v6 v20 v27
[[[[[0.8978 0.1022]
    [0.9407 0.0593]]

   [[0.3157 0.6843]
    [0.1074 0.8926]]]


  [[[0.3141 0.6859]
    [0.8237 0.1763]]

   [[0.2190 0.7810]
    [0.1981 0.8019]]]]



 [[[[0.1392 0.8608]
    [0.4990 0.5010]]

   [[0.3508 0.6492]
    [0.1588 0.8412]]]


  [[[0.5330 0.4670]
    [0.3825 0.6175]]

   [[0.3123 0.6877]
    [0.5779 0.4221]]]]]

cpt5: v9 | v2 v6 v20 v27
[[[[[0.3105 0.6895]
    [0.9407 0.0593]]

   [[0.3157 0.6843]
    [0.1074 0.8926]]]


  [[[0.2853 0.7147]
    [0.8237 0.1763]]

   [[0.2190 0.7810]
    [0.1981 0.8019]]]]



 [[[[0.1393 0.8607]
    [0.4990 0.5010]]

   [[0.3508 0.6492]
    [0.1588 0.8412]]]


  [[[0.5330 0.4670]
    [0.3825 0.6175]]

   [[0.3921 0.6079]
    [0.5779 0.4221]]]]]

cpt6: v9 | v2 v6 v20 v27
[[[[[0.6925 0.3075]
    [0.9407 0.0593]]

   [[0.3157 0.6843]
    [0.1074 0.8926]]]


  [[[0.2853 0.7147]
    [0.8237 0.1763]]

   [[0.2190 0.7810]
    [0.1981 0.8019]]]]



 [[[[0.1393 0.8607]
    [0.4990 0.5010]]

   [[0.3508 0.6492]
    [0.1588 0.8412]]]


  [[[0.5330 0.4670]
    [0.3825 0.6175]]

   [[0.3921 0.6079]
    [0.5779 0.4221]]]]]

cpt7: v9 | v2 v6 v20 v27
[[[[[0.6925 0.3075]
    [0.9407 0.0593]]

   [[0.3157 0.6843]
    [0.1074 0.8926]]]


  [[[0.2853 0.7147]
    [0.8237 0.1763]]

   [[0.2190 0.7810]
    [0.1981 0.8019]]]]



 [[[[0.1393 0.8607]
    [0.4990 0.5010]]

   [[0.3508 0.6492]
    [0.1588 0.8412]]]


  [[[0.5330 0.4670]
    [0.3825 0.6175]]

   [[0.3921 0.6079]
    [0.5779 0.4221]]]]]

thres1: v9 | v2 v6 v20 v27
[[[[0.0038 0.9470]
   [0.7370 0.7465]]

  [[0.0000 0.9362]
   [0.0006 0.0020]]]


 [[[0.5584 0.8316]
   [0.6760 0.9712]]

  [[0.8097 0.7239]
   [0.0003 0.9544]]]]

thres2: v9 | v2 v6 v20 v27
[[[[0.0049 0.9473]
   [0.7506 0.7870]]

  [[0.0004 0.9367]
   [0.0011 0.7377]]]


 [[[0.7088 0.8360]
   [0.7192 0.9715]]

  [[0.8228 0.7384]
   [0.6160 0.9547]]]]

thres3: v9 | v2 v6 v20 v27
[[[[0.9016 0.9481]
   [0.7568 0.7967]]

  [[0.8593 0.9373]
   [0.6416 0.7552]]]


 [[[0.7188 0.8401]
   [0.7235 0.9716]]

  [[0.8260 0.7744]
   [0.6265 0.9551]]]]

thres4: v9 | v2 v6 v20 v27
[[[[0.9055 0.9489]
   [0.7766 0.8001]]

  [[0.8765 0.9378]
   [0.7051 0.7582]]]


 [[[0.7236 0.8408]
   [0.7498 0.9717]]

  [[0.8365 0.7782]
   [0.6323 0.9556]]]]

thres5: v9 | v2 v6 v20 v27
[[[[0.9099 0.9497]
   [0.7943 0.8032]]

  [[0.8786 0.9388]
   [0.7503 0.7802]]]


 [[[0.7298 0.8470]
   [0.7611 0.9718]]

  [[0.8384 0.7898]
   [0.7478 0.9562]]]]

thres6: v9 | v2 v6 v20 v27
[[[[0.9106 0.9498]
   [0.7996 0.8064]]

  [[0.8787 0.9401]
   [0.7571 0.8002]]]


 [[[0.7371 0.8583]
   [0.7695 0.9720]]

  [[0.8435 0.7933]
   [0.7546 0.9564]]]]

cpt1: v37 | v9
[[0.9990 0.0000 0.0004 0.0003 0.0003]
 [0.0608 0.1483 0.1951 0.5424 0.0534]]

cpt2: v37 | v9
[[0.9987 0.0000 0.0005 0.0004 0.0004]
 [0.0734 0.2443 0.2051 0.4217 0.0555]]

cpt3: v37 | v9
[[0.9984 0.0001 0.0006 0.0005 0.0005]
 [0.1455 0.6606 0.0264 0.0184 0.1491]]

cpt4: v37 | v9
[[0.9980 0.0001 0.0007 0.0005 0.0007]
 [0.0005 0.9993 0.0001 0.0000 0.0001]]

cpt5: v37 | v9
[[0.0580 0.7311 0.0323 0.0385 0.1400]
 [0.0042 0.9944 0.0002 0.0000 0.0012]]

cpt6: v37 | v9
[[0.0365 0.0168 0.0748 0.0468 0.8251]
 [0.1882 0.0362 0.0020 0.0007 0.7730]]

cpt7: v37 | v9
[[0.0457 0.0203 0.1154 0.0628 0.7557]
 [0.9877 0.0048 0.0001 0.0019 0.0055]]

thres1: v37 | v9
[0.0000 0.0000]

thres2: v37 | v9
[0.0000 0.0000]

thres3: v37 | v9
[0.0000 1.0000]

thres4: v37 | v9
[0.0000 1.0000]

thres5: v37 | v9
[0.9960 1.0000]

thres6: v37 | v9
[0.9960 1.0000]

