cpt: v10 | v9
[[0.1918 0.2954 0.5127]
 [0.7116 0.2873 0.0011]
 [0.1602 0.8376 0.0022]]

cpt: v2 | v0
[[0.8170 0.0842 0.0988]
 [0.0011 0.8493 0.1496]
 [0.0001 0.9997 0.0003]]

cpt: v0 | 
[0.1973 0.3099 0.4928]

cpt: v6 | v2
[[0.0039 0.0048 0.9913]
 [0.9610 0.0386 0.0003]
 [0.3695 0.6294 0.0011]]

cpt: v5 | v2
[[0.1594 0.1969 0.6437]
 [0.4411 0.4425 0.1164]
 [0.4773 0.5224 0.0003]]

cpt: v4 | v2
[[0.0216 0.1132 0.8653]
 [0.8075 0.1835 0.0090]
 [0.0004 0.9991 0.0006]]

cpt: v8 | v6
[[0.0355 0.0019 0.9626]
 [0.9935 0.0003 0.0062]
 [0.0062 0.9886 0.0053]]

cpt: v9 | v8
[[0.0023 0.7291 0.2686]
 [0.9526 0.0382 0.0092]
 [0.0026 0.9585 0.0388]]

