cpt: v0 | v16
[[0.1103 0.1210 0.7687]
 [0.9849 0.0149 0.0002]
 [0.0807 0.8437 0.0756]]

cpt: v6 | v1 v3 v11
[[[[0.0000 0.0000 1.0000]
   [0.0000 0.0019 0.9981]
   [0.0000 0.0109 0.9891]]

  [[0.0000 0.6922 0.3078]
   [0.0000 0.1871 0.8129]
   [0.0000 1.0000 0.0000]]]


 [[[0.0000 0.6817 0.3183]
   [0.0000 0.1842 0.8158]
   [0.0000 0.9999 0.0001]]

  [[1.0000 0.0000 0.0000]
   [0.9966 0.0034 0.0000]
   [0.9999 0.0000 0.0001]]]]

cpt: v3 | 
[0.6485 0.3515]

cpt: v11 | 
[0.5854 0.4146]

cpt: v5 | v10
[[0.0445 0.9552 0.0003]
 [0.9406 0.0566 0.0028]
 [0.0470 0.9527 0.0003]]

cpt: v10 | 
[0.2444 0.0030 0.7526]

cpt: v1 | v5
[[0.5055 0.2966 0.1979]
 [0.4983 0.3017 0.1999]
 [0.0017 0.9945 0.0038]]

cpt: v13 | v19
[[0.0330 0.5328 0.4343]
 [0.5719 0.2525 0.1756]
 [0.0566 0.8560 0.0874]]

cpt: v4 | v13
[[0.0295 0.4607 0.5098]
 [0.2977 0.1651 0.5372]
 [0.0633 0.7645 0.1722]]

cpt: v19 | v8
[[0.3930 0.5634 0.0436]
 [0.7438 0.2562 0.0000]
 [0.9731 0.0269 0.0000]]

cpt: v9 | v19
[[0.0207 0.7857 0.1936]
 [0.4662 0.3349 0.1989]
 [0.0708 0.6692 0.2600]]

cpt: v8 | v18
[[0.0126 0.4775 0.5099]
 [0.0126 0.4772 0.5102]
 [0.0126 0.4774 0.5100]]

cpt: v18 | 
[0.0034 0.8981 0.0985]

cpt: v16 | v8 v17
[[[0.4734 0.0283 0.4983]
  [0.7313 0.2130 0.0556]
  [0.0000 0.6288 0.3712]]

 [[0.0323 0.0080 0.9597]
  [0.9492 0.0218 0.0291]
  [0.1235 0.0082 0.8683]]

 [[0.0256 0.0077 0.9667]
  [0.9492 0.0078 0.0430]
  [0.2014 0.0076 0.7910]]]

cpt: v17 | v2 v15
[[[0.0000 0.0000 1.0000]
  [0.9854 0.0146 0.0000]
  [0.0000 0.0001 0.9999]]

 [[0.9749 0.0244 0.0007]
  [0.0000 0.0000 1.0000]
  [0.9681 0.0298 0.0021]]]

cpt: v15 | 
[0.4989 0.5011]

cpt: v2 | v14
[[0.9529 0.0062 0.0409]
 [0.4387 0.5068 0.0545]
 [0.4098 0.5357 0.0545]]

cpt: v14 | 
[0.0200 0.9138 0.0662]

cpt: v12 | v17
[[0.0000 0.9279 0.0721]
 [0.9738 0.0261 0.0000]
 [0.0000 1.0000 0.0000]]

cpt: v7 | v1 v16
[[[0.0022 0.9494 0.0484]
  [0.2405 0.3297 0.4299]
  [0.0000 0.9993 0.0007]]

 [[0.0000 0.0000 1.0000]
  [0.0000 0.0000 1.0000]
  [0.0275 0.8039 0.1685]]

 [[0.9978 0.0000 0.0022]
  [0.0003 0.0000 0.9997]
  [0.7240 0.1156 0.1603]]]

