cpt: v10 | v9
[[0.1717 0.8240 0.0044]
 [0.7774 0.2219 0.0007]
 [0.2118 0.2628 0.5254]]

cpt: v2 | v0
[[0.0395 0.1812 0.7792]
 [0.3654 0.6343 0.0004]
 [0.5716 0.4265 0.0019]]

cpt: v0 | 
[0.2441 0.5422 0.2137]

cpt: v6 | v2
[[0.1068 0.8923 0.0008]
 [0.2215 0.7776 0.0009]
 [0.0041 0.0050 0.9909]]

cpt: v5 | v2
[[0.6131 0.3068 0.0801]
 [0.6922 0.2862 0.0216]
 [0.0594 0.1662 0.7745]]

cpt: v4 | v2
[[0.0679 0.8919 0.0403]
 [0.7334 0.2573 0.0094]
 [0.0822 0.2260 0.6917]]

cpt: v8 | v6
[[0.2395 0.7563 0.0042]
 [0.8897 0.1100 0.0004]
 [0.0180 0.0225 0.9595]]

cpt: v9 | v8
[[0.0871 0.9108 0.0021]
 [0.5421 0.4563 0.0015]
 [0.0635 0.0684 0.8681]]

