cpt: v2 | 
[0.1626 0.5133 0.3240]

cpt: v3 | 
[0.0707 0.8476 0.0818]

cpt1: v7 | v2 v3
[[[0.4248 0.4615 0.1138]
  [0.8848 0.0981 0.0171]
  [0.3546 0.4269 0.2185]]

 [[0.3311 0.2398 0.4291]
  [0.3136 0.2076 0.4788]
  [0.6162 0.0578 0.3260]]

 [[0.9028 0.0433 0.0539]
  [0.8229 0.0344 0.1427]
  [0.7140 0.0961 0.1899]]]

cpt2: v7 | v2 v3
[[[0.1540 0.6405 0.2055]
  [0.8318 0.1403 0.0280]
  [0.1252 0.4756 0.3992]]

 [[0.1607 0.2081 0.6312]
  [0.3505 0.2111 0.4384]
  [0.3749 0.0855 0.5395]]

 [[0.6811 0.1241 0.1948]
  [0.8324 0.0492 0.1184]
  [0.3485 0.1566 0.4950]]]

cpt3: v7 | v2 v3
[[[0.1511 0.6417 0.2072]
  [0.6427 0.2948 0.0624]
  [0.1222 0.4720 0.4059]]

 [[0.1565 0.2060 0.6375]
  [0.5517 0.1662 0.2821]
  [0.3390 0.0849 0.5761]]

 [[0.6773 0.1250 0.1977]
  [0.5412 0.1146 0.3442]
  [0.3415 0.1559 0.5026]]]

cpt4: v7 | v2 v3
[[[0.1511 0.6417 0.2072]
  [0.6350 0.3018 0.0632]
  [0.1222 0.4720 0.4059]]

 [[0.1565 0.2060 0.6375]
  [0.5065 0.1432 0.3503]
  [0.3390 0.0849 0.5761]]

 [[0.6773 0.1250 0.1977]
  [0.5787 0.0820 0.3393]
  [0.3415 0.1559 0.5026]]]

cpt5: v7 | v2 v3
[[[0.1511 0.6417 0.2072]
  [0.6350 0.3018 0.0632]
  [0.1222 0.4720 0.4059]]

 [[0.1565 0.2060 0.6375]
  [0.3138 0.2075 0.4787]
  [0.3390 0.0849 0.5761]]

 [[0.6773 0.1250 0.1977]
  [0.5787 0.0820 0.3393]
  [0.3415 0.1559 0.5026]]]

cpt6: v7 | v2 v3
[[[0.1511 0.6417 0.2072]
  [0.6350 0.3018 0.0632]
  [0.1222 0.4720 0.4059]]

 [[0.1565 0.2060 0.6375]
  [0.3136 0.2076 0.4788]
  [0.3390 0.0849 0.5761]]

 [[0.6773 0.1250 0.1977]
  [0.5787 0.0820 0.3393]
  [0.3415 0.1559 0.5026]]]

cpt7: v7 | v2 v3
[[[0.1511 0.6417 0.2072]
  [0.6350 0.3018 0.0632]
  [0.1222 0.4720 0.4059]]

 [[0.1565 0.2060 0.6375]
  [0.3136 0.2076 0.4788]
  [0.3390 0.0849 0.5761]]

 [[0.6773 0.1250 0.1977]
  [0.5787 0.0820 0.3393]
  [0.3415 0.1559 0.5026]]]

cpt8: v7 | v2 v3
[[[0.1511 0.6417 0.2072]
  [0.6350 0.3018 0.0632]
  [0.1222 0.4720 0.4059]]

 [[0.1565 0.2060 0.6375]
  [0.3136 0.2076 0.4788]
  [0.3390 0.0849 0.5761]]

 [[0.6773 0.1250 0.1977]
  [0.5787 0.0820 0.3393]
  [0.3415 0.1559 0.5026]]]

fixed_thres1: v7 | v2 v3
[[0.1250 0.1250 0.1250]
 [0.1250 0.1250 0.1250]
 [0.1250 0.1250 0.1250]]

fixed_thres2: v7 | v2 v3
[[0.2500 0.2500 0.2500]
 [0.2500 0.2500 0.2500]
 [0.2500 0.2500 0.2500]]

fixed_thres3: v7 | v2 v3
[[0.3750 0.3750 0.3750]
 [0.3750 0.3750 0.3750]
 [0.3750 0.3750 0.3750]]

fixed_thres4: v7 | v2 v3
[[0.5000 0.5000 0.5000]
 [0.5000 0.5000 0.5000]
 [0.5000 0.5000 0.5000]]

fixed_thres5: v7 | v2 v3
[[0.6250 0.6250 0.6250]
 [0.6250 0.6250 0.6250]
 [0.6250 0.6250 0.6250]]

fixed_thres6: v7 | v2 v3
[[0.7500 0.7500 0.7500]
 [0.7500 0.7500 0.7500]
 [0.7500 0.7500 0.7500]]

fixed_thres7: v7 | v2 v3
[[0.8750 0.8750 0.8750]
 [0.8750 0.8750 0.8750]
 [0.8750 0.8750 0.8750]]

fixed_thres8: v7 | v2 v3
[[1.0000 1.0000 1.0000]
 [1.0000 1.0000 1.0000]
 [1.0000 1.0000 1.0000]]

cpt: v5 | 
[0.2059 0.4728 0.3213]

cpt1: v0 | v5
[[0.1759 0.7142 0.1100]
 [0.6350 0.3018 0.0632]
 [0.1508 0.5349 0.3144]]

cpt2: v0 | v5
[[0.0637 0.7757 0.1606]
 [0.6351 0.3018 0.0632]
 [0.1293 0.6786 0.1922]]

cpt3: v0 | v5
[[0.1510 0.6418 0.2071]
 [0.6999 0.2449 0.0552]
 [0.0880 0.3446 0.5674]]

cpt4: v0 | v5
[[0.1511 0.6417 0.2072]
 [0.7216 0.2247 0.0537]
 [0.1222 0.4719 0.4059]]

cpt5: v0 | v5
[[0.1511 0.6417 0.2072]
 [0.4528 0.4369 0.1102]
 [0.1222 0.4720 0.4059]]

cpt6: v0 | v5
[[0.1511 0.6417 0.2072]
 [0.6314 0.3050 0.0636]
 [0.1222 0.4720 0.4059]]

cpt7: v0 | v5
[[0.1511 0.6417 0.2072]
 [0.6350 0.3018 0.0632]
 [0.1222 0.4720 0.4059]]

cpt8: v0 | v5
[[0.1511 0.6417 0.2072]
 [0.6350 0.3018 0.0632]
 [0.1222 0.4720 0.4059]]

fixed_thres1: v0 | v5
[0.1250 0.1250 0.1250]

fixed_thres2: v0 | v5
[0.2500 0.2500 0.2500]

fixed_thres3: v0 | v5
[0.3750 0.3750 0.3750]

fixed_thres4: v0 | v5
[0.5000 0.5000 0.5000]

fixed_thres5: v0 | v5
[0.6250 0.6250 0.6250]

fixed_thres6: v0 | v5
[0.7500 0.7500 0.7500]

fixed_thres7: v0 | v5
[0.8750 0.8750 0.8750]

fixed_thres8: v0 | v5
[1.0000 1.0000 1.0000]

cpt1: v4 | v2 v5
[[[0.0492 0.8934 0.0574]
  [0.3334 0.6391 0.0275]
  [0.0464 0.8334 0.1202]]

 [[0.1546 0.0469 0.7985]
  [0.3343 0.0963 0.5694]
  [0.2436 0.0170 0.7393]]

 [[0.5476 0.3501 0.1023]
  [0.5477 0.2376 0.2147]
  [0.2909 0.4325 0.2766]]]

cpt2: v4 | v2 v5
[[[0.1500 0.6451 0.2049]
  [0.6249 0.3117 0.0634]
  [0.1217 0.4790 0.3993]]

 [[0.1556 0.1978 0.6466]
  [0.3316 0.0636 0.6048]
  [0.2323 0.0390 0.7287]]

 [[0.6765 0.1261 0.1974]
  [0.6164 0.0968 0.2868]
  [0.3428 0.1584 0.4988]]]

cpt3: v4 | v2 v5
[[[0.1511 0.6417 0.2072]
  [0.6350 0.3018 0.0632]
  [0.1222 0.4720 0.4059]]

 [[0.1565 0.2060 0.6375]
  [0.3654 0.0767 0.5579]
  [0.3390 0.0848 0.5762]]

 [[0.6773 0.1250 0.1977]
  [0.5787 0.0820 0.3393]
  [0.3415 0.1559 0.5026]]]

cpt4: v4 | v2 v5
[[[0.1511 0.6417 0.2072]
  [0.6350 0.3018 0.0632]
  [0.1222 0.4720 0.4059]]

 [[0.1565 0.2060 0.6375]
  [0.3446 0.1282 0.5272]
  [0.3390 0.0849 0.5761]]

 [[0.6773 0.1250 0.1977]
  [0.5787 0.0820 0.3393]
  [0.3415 0.1559 0.5026]]]

cpt5: v4 | v2 v5
[[[0.1511 0.6417 0.2072]
  [0.6350 0.3018 0.0632]
  [0.1222 0.4720 0.4059]]

 [[0.1565 0.2060 0.6375]
  [0.3136 0.2076 0.4788]
  [0.3390 0.0849 0.5761]]

 [[0.6773 0.1250 0.1977]
  [0.5787 0.0820 0.3393]
  [0.3415 0.1559 0.5026]]]

cpt6: v4 | v2 v5
[[[0.1511 0.6417 0.2072]
  [0.6350 0.3018 0.0632]
  [0.1222 0.4720 0.4059]]

 [[0.1565 0.2060 0.6375]
  [0.3136 0.2076 0.4788]
  [0.3390 0.0849 0.5761]]

 [[0.6773 0.1250 0.1977]
  [0.5787 0.0820 0.3393]
  [0.3415 0.1559 0.5026]]]

cpt7: v4 | v2 v5
[[[0.1511 0.6417 0.2072]
  [0.6350 0.3018 0.0632]
  [0.1222 0.4720 0.4059]]

 [[0.1565 0.2060 0.6375]
  [0.3136 0.2076 0.4788]
  [0.3390 0.0849 0.5761]]

 [[0.6773 0.1250 0.1977]
  [0.5787 0.0820 0.3393]
  [0.3415 0.1559 0.5026]]]

cpt8: v4 | v2 v5
[[[0.1511 0.6417 0.2072]
  [0.6350 0.3018 0.0632]
  [0.1222 0.4720 0.4059]]

 [[0.1565 0.2060 0.6375]
  [0.3136 0.2076 0.4788]
  [0.3390 0.0849 0.5761]]

 [[0.6773 0.1250 0.1977]
  [0.5787 0.0820 0.3393]
  [0.3415 0.1559 0.5026]]]

fixed_thres1: v4 | v2 v5
[[0.1250 0.1250 0.1250]
 [0.1250 0.1250 0.1250]
 [0.1250 0.1250 0.1250]]

fixed_thres2: v4 | v2 v5
[[0.2500 0.2500 0.2500]
 [0.2500 0.2500 0.2500]
 [0.2500 0.2500 0.2500]]

fixed_thres3: v4 | v2 v5
[[0.3750 0.3750 0.3750]
 [0.3750 0.3750 0.3750]
 [0.3750 0.3750 0.3750]]

fixed_thres4: v4 | v2 v5
[[0.5000 0.5000 0.5000]
 [0.5000 0.5000 0.5000]
 [0.5000 0.5000 0.5000]]

fixed_thres5: v4 | v2 v5
[[0.6250 0.6250 0.6250]
 [0.6250 0.6250 0.6250]
 [0.6250 0.6250 0.6250]]

fixed_thres6: v4 | v2 v5
[[0.7500 0.7500 0.7500]
 [0.7500 0.7500 0.7500]
 [0.7500 0.7500 0.7500]]

fixed_thres7: v4 | v2 v5
[[0.8750 0.8750 0.8750]
 [0.8750 0.8750 0.8750]
 [0.8750 0.8750 0.8750]]

fixed_thres8: v4 | v2 v5
[[1.0000 1.0000 1.0000]
 [1.0000 1.0000 1.0000]
 [1.0000 1.0000 1.0000]]

cpt: v1 | 
[0.0751 0.4936 0.4312]

cpt1: v6 | v0 v1
[[[0.3057 0.3132 0.3811]
  [0.3380 0.6231 0.0389]
  [0.0573 0.7412 0.2014]]

 [[0.2264 0.1794 0.5942]
  [0.3559 0.2568 0.3873]
  [0.2088 0.1944 0.5968]]

 [[0.8573 0.0346 0.1081]
  [0.3374 0.2601 0.4025]
  [0.2068 0.3242 0.4690]]]

cpt2: v6 | v0 v1
[[[0.1513 0.6412 0.2075]
  [0.6346 0.3022 0.0632]
  [0.1221 0.4723 0.4056]]

 [[0.1958 0.0645 0.7397]
  [0.1773 0.4920 0.3307]
  [0.3386 0.0850 0.5765]]

 [[0.5767 0.1601 0.2632]
  [0.4935 0.1188 0.3877]
  [0.3413 0.1560 0.5027]]]

cpt3: v6 | v0 v1
[[[0.1511 0.6417 0.2072]
  [0.6350 0.3018 0.0632]
  [0.1222 0.4720 0.4059]]

 [[0.1648 0.1311 0.7041]
  [0.3063 0.2237 0.4700]
  [0.3390 0.0849 0.5761]]

 [[0.6772 0.1250 0.1977]
  [0.5787 0.0820 0.3393]
  [0.3415 0.1559 0.5026]]]

cpt4: v6 | v0 v1
[[[0.1511 0.6417 0.2072]
  [0.6350 0.3018 0.0632]
  [0.1222 0.4720 0.4059]]

 [[0.1565 0.2060 0.6375]
  [0.3136 0.2076 0.4788]
  [0.3390 0.0849 0.5761]]

 [[0.6773 0.1250 0.1977]
  [0.5787 0.0820 0.3393]
  [0.3415 0.1559 0.5026]]]

cpt5: v6 | v0 v1
[[[0.1511 0.6417 0.2072]
  [0.6350 0.3018 0.0632]
  [0.1222 0.4720 0.4059]]

 [[0.1565 0.2060 0.6375]
  [0.3136 0.2076 0.4788]
  [0.3390 0.0849 0.5761]]

 [[0.6773 0.1250 0.1977]
  [0.5787 0.0820 0.3393]
  [0.3415 0.1559 0.5026]]]

cpt6: v6 | v0 v1
[[[0.1511 0.6417 0.2072]
  [0.6350 0.3018 0.0632]
  [0.1222 0.4720 0.4059]]

 [[0.1565 0.2060 0.6375]
  [0.3136 0.2076 0.4788]
  [0.3390 0.0849 0.5761]]

 [[0.6773 0.1250 0.1977]
  [0.5787 0.0820 0.3393]
  [0.3415 0.1559 0.5026]]]

cpt7: v6 | v0 v1
[[[0.1511 0.6417 0.2072]
  [0.6350 0.3018 0.0632]
  [0.1222 0.4720 0.4059]]

 [[0.1565 0.2060 0.6375]
  [0.3136 0.2076 0.4788]
  [0.3390 0.0849 0.5761]]

 [[0.6773 0.1250 0.1977]
  [0.5787 0.0820 0.3393]
  [0.3415 0.1559 0.5026]]]

cpt8: v6 | v0 v1
[[[0.1511 0.6417 0.2072]
  [0.6350 0.3018 0.0632]
  [0.1222 0.4720 0.4059]]

 [[0.1565 0.2060 0.6375]
  [0.3136 0.2076 0.4788]
  [0.3390 0.0849 0.5761]]

 [[0.6773 0.1250 0.1977]
  [0.5787 0.0820 0.3393]
  [0.3415 0.1559 0.5026]]]

fixed_thres1: v6 | v0 v1
[[0.1250 0.1250 0.1250]
 [0.1250 0.1250 0.1250]
 [0.1250 0.1250 0.1250]]

fixed_thres2: v6 | v0 v1
[[0.2500 0.2500 0.2500]
 [0.2500 0.2500 0.2500]
 [0.2500 0.2500 0.2500]]

fixed_thres3: v6 | v0 v1
[[0.3750 0.3750 0.3750]
 [0.3750 0.3750 0.3750]
 [0.3750 0.3750 0.3750]]

fixed_thres4: v6 | v0 v1
[[0.5000 0.5000 0.5000]
 [0.5000 0.5000 0.5000]
 [0.5000 0.5000 0.5000]]

fixed_thres5: v6 | v0 v1
[[0.6250 0.6250 0.6250]
 [0.6250 0.6250 0.6250]
 [0.6250 0.6250 0.6250]]

fixed_thres6: v6 | v0 v1
[[0.7500 0.7500 0.7500]
 [0.7500 0.7500 0.7500]
 [0.7500 0.7500 0.7500]]

fixed_thres7: v6 | v0 v1
[[0.8750 0.8750 0.8750]
 [0.8750 0.8750 0.8750]
 [0.8750 0.8750 0.8750]]

fixed_thres8: v6 | v0 v1
[[1.0000 1.0000 1.0000]
 [1.0000 1.0000 1.0000]
 [1.0000 1.0000 1.0000]]

