cpt: v6 | v1 v3 v11
[[[[0.0000 1.0000 0.0000]
   [0.0000 0.0000 1.0000]
   [0.0000 1.0000 0.0000]]

  [[1.0000 0.0000 0.0000]
   [1.0000 0.0000 0.0000]
   [0.8997 0.0000 0.1003]]]


 [[[0.0000 0.0000 1.0000]
   [0.8178 0.0003 0.1819]
   [0.0000 0.0000 1.0000]]

  [[0.0001 0.0000 0.9999]
   [1.0000 0.0000 0.0000]
   [0.9822 0.0000 0.0178]]]]

cpt: v3 | 
[0.2818 0.7182]

cpt: v11 | 
[0.1093 0.8907]

cpt: v5 | v10
[[0.9923 0.0077 0.0000]
 [0.9923 0.0077 0.0000]
 [0.9923 0.0077 0.0000]]

cpt: v10 | 
[0.3334 0.3332 0.3334]

cpt: v1 | v5
[[0.0638 0.3248 0.6114]
 [0.0626 0.3252 0.6121]
 [0.9943 0.0046 0.0011]]

cpt: v17 | v2 v15
[[[0.0005 0.9993 0.0002]
  [0.0001 0.9997 0.0002]
  [1.0000 0.0000 0.0000]]

 [[0.9999 0.0000 0.0001]
  [1.0000 0.0000 0.0000]
  [0.0002 0.9996 0.0002]]]

cpt: v15 | 
[0.5007 0.4993]

cpt: v2 | v14
[[0.0225 0.4772 0.5003]
 [0.0393 0.4608 0.4999]
 [0.0458 0.4545 0.4997]]

cpt: v14 | 
[0.4330 0.2694 0.2976]

cpt: v12 | v17
[[0.0000 0.9998 0.0001]
 [0.4519 0.5481 0.0000]
 [0.9999 0.0001 0.0000]]

cpt: v13 | v19
[[0.3037 0.2588 0.4376]
 [0.3890 0.4086 0.2024]
 [0.6845 0.2394 0.0761]]

cpt: v4 | v13
[[0.4661 0.3135 0.2204]
 [0.4174 0.3998 0.1827]
 [0.7317 0.1876 0.0807]]

cpt: v19 | v8
[[0.0010 0.0000 0.9990]
 [0.0000 0.0000 1.0000]
 [0.9889 0.0111 0.0000]]

cpt: v9 | v19
[[0.3406 0.3327 0.3267]
 [0.3907 0.4222 0.1871]
 [0.7822 0.1704 0.0473]]

cpt: v8 | v18
[[0.0099 0.0097 0.9803]
 [0.5036 0.4946 0.0018]
 [0.5015 0.4927 0.0057]]

cpt: v18 | 
[0.9916 0.0073 0.0011]

cpt1: v16 | v8 v17
[[[0.0000 0.8898 0.1102]
  [0.0433 0.0902 0.8664]
  [0.9998 0.0001 0.0000]]

 [[0.0000 0.9999 0.0001]
  [0.0000 0.0000 0.9999]
  [0.0009 0.9989 0.0003]]

 [[0.0000 0.9976 0.0024]
  [0.0000 0.9422 0.0578]
  [0.9997 0.0000 0.0003]]]

cpt2: v16 | v8 v17
[[[1.0000 0.0000 0.0000]
  [1.0000 0.0000 0.0000]
  [0.9829 0.0107 0.0064]]

 [[1.0000 0.0000 0.0000]
  [1.0000 0.0000 0.0000]
  [0.9664 0.0069 0.0267]]

 [[0.0478 0.9345 0.0176]
  [0.8985 0.0835 0.0180]
  [0.8768 0.0026 0.1206]]]

cpt1: v0 | v16
[[0.1373 0.0688 0.7939]
 [0.0442 0.9421 0.0138]
 [0.9906 0.0094 0.0000]]

cpt2: v0 | v16
[[0.1101 0.0983 0.7916]
 [0.0769 0.8429 0.0802]
 [0.1927 0.2528 0.5545]]

cpt1: v7 | v1 v16
[[[0.0000 0.1571 0.8429]
  [0.0002 0.7656 0.2342]
  [0.5451 0.4549 0.0000]]

 [[0.0109 0.1432 0.8459]
  [0.9997 0.0000 0.0003]
  [0.0001 0.2928 0.7071]]

 [[0.9999 0.0001 0.0000]
  [0.0000 0.9594 0.0406]
  [0.2028 0.0072 0.7900]]]

cpt2: v7 | v1 v16
[[[0.0000 1.0000 0.0000]
  [0.9995 0.0005 0.0001]
  [0.0366 0.9633 0.0001]]

 [[0.0000 1.0000 0.0000]
  [0.0000 0.0000 1.0000]
  [0.0000 0.0000 1.0000]]

 [[0.0000 1.0000 0.0000]
  [0.8174 0.0168 0.1658]
  [0.0000 0.0001 0.9999]]]

