cpt: v23 | v22 v24
[[[0.2961 0.7039]
  [0.9829 0.0171]]

 [[0.8400 0.1600]
  [0.7465 0.2535]]

 [[0.3478 0.6522]
  [0.9865 0.0135]]

 [[0.8480 0.1520]
  [0.4199 0.5801]]]

cpt: v24 | 
[0.1092 0.3663 0.1738 0.3507]

cpt: v2 | v1
[[0.0986 0.9014]
 [0.3574 0.6426]]

cpt: v1 | 
[0.1832 0.8168]

cpt: v22 | v2
[[0.0063 0.9937]
 [0.7775 0.2225]]

cpt: v26 | v2
[[0.0207 0.9793]
 [0.7427 0.2573]]

cpt: v9 | v23 v27
[[[0.0075 0.9925]
  [0.0147 0.9853]]

 [[0.0155 0.9845]
  [0.6060 0.3940]]

 [[0.0012 0.9988]
  [0.0691 0.9309]]

 [[0.0393 0.9607]
  [0.7557 0.2443]]

 [[0.0046 0.9954]
  [0.0036 0.9964]]]

cpt: v27 | 
[0.0030 0.3236 0.0066 0.6656 0.0013]

cpt: v28 | v7 v27
[[[0.9636 0.0364]
  [0.9993 0.0007]
  [0.9696 0.0304]
  [0.0007 0.9993]
  [0.1106 0.8894]]

 [[0.9493 0.0507]
  [0.9877 0.0123]
  [0.0450 0.9550]
  [0.0003 0.9997]
  [0.9663 0.0337]]

 [[0.0374 0.9626]
  [0.9982 0.0018]
  [0.0025 0.9975]
  [0.0001 0.9999]
  [0.0071 0.9929]]

 [[0.9650 0.0350]
  [0.9983 0.0017]
  [0.1477 0.8523]
  [0.0031 0.9969]
  [0.9465 0.0535]]

 [[0.0045 0.9955]
  [0.9978 0.0022]
  [0.0235 0.9765]
  [0.0013 0.9987]
  [0.0111 0.9889]]]

cpt: v7 | 
[0.1616 0.2992 0.2703 0.1839 0.0850]

cpt: v5 | v4
[[0.2012 0.7988]
 [0.8948 0.1052]]

cpt: v4 | 
[0.4132 0.5868]

cpt: v13 | v12
[[0.1065 0.8935]
 [0.6291 0.3709]
 [0.5231 0.4769]]

cpt: v12 | 
[0.1200 0.7166 0.1634]

cpt: v14 | v13
[[0.0774 0.7805 0.1420]
 [0.5363 0.1624 0.3013]]

cpt1: v15 | v14
[[0.0652 0.4770 0.0960 0.3428 0.0190]
 [0.4059 0.1252 0.2347 0.0946 0.1397]
 [0.0358 0.0274 0.0312 0.6160 0.2896]]

cpt2: v15 | v14
[[0.0633 0.5044 0.0946 0.3191 0.0186]
 [0.4049 0.1256 0.2353 0.0946 0.1396]
 [0.0357 0.0269 0.0308 0.6135 0.2930]]

cpt3: v15 | v14
[[0.0632 0.5056 0.0945 0.3181 0.0186]
 [0.4059 0.1252 0.2347 0.0946 0.1397]
 [0.0358 0.0275 0.0313 0.6164 0.2890]]

cpt4: v15 | v14
[[0.0631 0.5062 0.0945 0.3176 0.0186]
 [0.4059 0.1252 0.2347 0.0946 0.1397]
 [0.0358 0.0275 0.0313 0.6163 0.2892]]

cpt5: v15 | v14
[[0.0627 0.5115 0.0941 0.3131 0.0185]
 [0.4059 0.1252 0.2347 0.0946 0.1397]
 [0.0358 0.0275 0.0313 0.6163 0.2892]]

cpt6: v15 | v14
[[0.0632 0.5056 0.0945 0.3181 0.0186]
 [0.4422 0.1126 0.2114 0.0933 0.1405]
 [0.0358 0.0275 0.0313 0.6163 0.2892]]

cpt7: v15 | v14
[[0.0632 0.5056 0.0945 0.3181 0.0186]
 [0.4947 0.0952 0.1800 0.0902 0.1399]
 [0.0358 0.0275 0.0313 0.6163 0.2892]]

cpt8: v15 | v14
[[0.0632 0.5056 0.0945 0.3181 0.0186]
 [0.4059 0.1252 0.2347 0.0946 0.1397]
 [0.0358 0.0275 0.0313 0.6163 0.2892]]

fixed_thres1: v15 | v14
[0.1250 0.1250 0.1250]

fixed_thres2: v15 | v14
[0.2500 0.2500 0.2500]

fixed_thres3: v15 | v14
[0.3750 0.3750 0.3750]

fixed_thres4: v15 | v14
[0.5000 0.5000 0.5000]

fixed_thres5: v15 | v14
[0.6250 0.6250 0.6250]

fixed_thres6: v15 | v14
[0.7500 0.7500 0.7500]

fixed_thres7: v15 | v14
[0.8750 0.8750 0.8750]

cpt: v16 | v15
[[0.0776 0.9224]
 [0.7019 0.2981]
 [0.4234 0.5766]
 [0.1583 0.8417]
 [0.1097 0.8903]]

cpt: v17 | v16
[[0.4250 0.5750]
 [0.0151 0.9849]]

cpt: v11 | v16
[[0.1753 0.8247]
 [0.8667 0.1333]]

cpt: v18 | v17
[[0.7951 0.1151 0.0898]
 [0.8337 0.0677 0.0985]]

cpt1: v19 | v18
[[0.0015 0.9974 0.0011]
 [0.9991 0.0001 0.0007]
 [0.9836 0.0142 0.0023]]

cpt2: v19 | v18
[[0.0015 0.9929 0.0056]
 [0.0243 0.0041 0.9716]
 [0.9980 0.0007 0.0012]]

cpt3: v19 | v18
[[0.4929 0.3769 0.1301]
 [0.0844 0.1923 0.7232]
 [0.0516 0.0249 0.9235]]

cpt4: v19 | v18
[[0.0759 0.1926 0.7315]
 [0.4392 0.0112 0.5495]
 [0.0211 0.0049 0.9740]]

cpt5: v19 | v18
[[0.0208 0.9729 0.0063]
 [0.1993 0.0279 0.7728]
 [0.8909 0.0388 0.0703]]

cpt6: v19 | v18
[[0.6452 0.2132 0.1417]
 [0.5243 0.0350 0.4406]
 [0.9283 0.0015 0.0702]]

cpt7: v19 | v18
[[0.2457 0.3562 0.3981]
 [0.4033 0.2202 0.3765]
 [0.3848 0.2864 0.3288]]

cpt8: v19 | v18
[[0.3730 0.4351 0.1919]
 [0.3292 0.6487 0.0221]
 [0.3789 0.2906 0.3306]]

fixed_thres1: v19 | v18
[0.1250 0.1250 0.1250]

fixed_thres2: v19 | v18
[0.2500 0.2500 0.2500]

fixed_thres3: v19 | v18
[0.3750 0.3750 0.3750]

fixed_thres4: v19 | v18
[0.5000 0.5000 0.5000]

fixed_thres5: v19 | v18
[0.6250 0.6250 0.6250]

fixed_thres6: v19 | v18
[0.7500 0.7500 0.7500]

fixed_thres7: v19 | v18
[0.8750 0.8750 0.8750]

cpt: v0 | v10 v20
[[[0.1237 0.8256 0.0507]
  [0.9028 0.0460 0.0511]
  [0.3856 0.4515 0.1629]]

 [[0.2598 0.5545 0.1856]
  [0.1901 0.6968 0.1130]
  [0.9188 0.0312 0.0499]]

 [[0.8589 0.0307 0.1104]
  [0.7305 0.1208 0.1487]
  [0.2801 0.6327 0.0872]]]

cpt: v10 | 
[0.4115 0.4043 0.1843]

cpt: v20 | 
[0.0868 0.4187 0.4945]

cpt: v3 | v0
[[0.0225 0.6612 0.2016 0.1146]
 [0.0507 0.2824 0.6370 0.0299]
 [0.0204 0.0325 0.0366 0.9105]]

cpt: v21 | v3
[[0.6979 0.1848 0.1172]
 [0.6945 0.1620 0.1435]
 [0.6938 0.1650 0.1412]
 [0.6946 0.1600 0.1454]]

cpt: v25 | v21
[[0.2321 0.4615 0.3064]
 [0.2453 0.4281 0.3266]
 [0.2550 0.4193 0.3257]]

cpt: v6 | v5
[[0.2331 0.3525 0.4144]
 [0.3670 0.2509 0.3821]]

cpt1: v8 | v6 v7 v19 v25
[[[[[0.0000 0.0001 0.0000 0.9999 0.0000]
    [0.0045 0.0752 0.0056 0.0089 0.9058]
    [0.0002 0.0022 0.0005 0.0046 0.9924]]

   [[0.0001 0.0033 0.0026 0.0031 0.9908]
    [0.0022 0.2502 0.0364 0.1966 0.5146]
    [0.0022 0.0064 0.0161 0.1010 0.8743]]

   [[0.0090 0.0050 0.9597 0.0140 0.0123]
    [0.0137 0.0761 0.0471 0.1252 0.7379]
    [0.0002 0.0008 0.0010 0.0071 0.9909]]]


  [[[0.0013 0.0004 0.0034 0.0002 0.9947]
    [0.9993 0.0001 0.0001 0.0001 0.0003]
    [0.0106 0.0033 0.0249 0.0133 0.9479]]

   [[0.0005 0.0001 0.0013 0.0002 0.9978]
    [0.0003 0.0005 0.0003 0.0013 0.9977]
    [0.9200 0.0092 0.0557 0.0131 0.0020]]

   [[0.0014 0.0006 0.0019 0.0002 0.9959]
    [0.0001 0.0000 0.9997 0.0002 0.0000]
    [0.0000 0.9997 0.0001 0.0002 0.0000]]]


  [[[0.0008 0.0011 0.0004 0.0003 0.9974]
    [0.0024 0.0034 0.0005 0.0014 0.9923]
    [0.0009 0.0015 0.0011 0.0007 0.9959]]

   [[0.0045 0.0087 0.0088 0.0062 0.9718]
    [0.0066 0.0138 0.0079 0.0199 0.9518]
    [0.0012 0.0009 0.0025 0.0020 0.9934]]

   [[0.0006 0.0005 0.0003 0.0008 0.9978]
    [0.0031 0.0035 0.0036 0.0153 0.9745]
    [0.0000 0.0000 0.9998 0.0001 0.0001]]]]



 [[[[0.0005 0.0010 0.0014 0.0004 0.9967]
    [0.0039 0.0067 0.0036 0.0046 0.9812]
    [0.0010 0.0014 0.0004 0.0012 0.9959]]

   [[0.0001 0.0005 0.0008 0.0006 0.9980]
    [0.0004 0.0036 0.0020 0.0044 0.9897]
    [0.0000 0.0000 0.9999 0.0001 0.0000]]

   [[0.0006 0.0008 0.0040 0.0019 0.9926]
    [0.0454 0.0283 0.0672 0.7000 0.1591]
    [0.0001 0.9966 0.0003 0.0027 0.0003]]]


  [[[0.0021 0.0002 0.0036 0.0002 0.9939]
    [0.0040 0.0012 0.0014 0.0012 0.9922]
    [0.0101 0.0018 0.0116 0.0016 0.9749]]

   [[0.0003 0.0004 0.0013 0.0003 0.9977]
    [0.0001 0.0001 0.9997 0.0001 0.0000]
    [0.0006 0.0005 0.0056 0.0008 0.9926]]

   [[0.0008 0.0003 0.0039 0.0004 0.9947]
    [0.0131 0.0009 0.0085 0.0219 0.9555]
    [0.0002 0.0006 0.0040 0.0018 0.9935]]]


  [[[0.0000 0.9997 0.0002 0.0000 0.0001]
    [0.9102 0.0070 0.0026 0.0029 0.0773]
    [0.0009 0.0004 0.0003 0.0002 0.9982]]

   [[0.9954 0.0002 0.0019 0.0018 0.0008]
    [0.0025 0.0006 0.0002 0.0038 0.9929]
    [0.0012 0.0021 0.0056 0.9806 0.0104]]

   [[0.0006 0.0001 0.0018 0.0010 0.9966]
    [0.0035 0.0013 0.0033 0.0069 0.9849]
    [0.0007 0.0005 0.0050 0.0034 0.9903]]]]



 [[[[0.0001 0.0014 0.0001 0.0001 0.9983]
    [0.0005 0.0091 0.0002 0.0005 0.9898]
    [0.0006 0.0022 0.0001 0.0018 0.9952]]

   [[0.0000 0.0003 0.0000 0.0001 0.9995]
    [0.0000 0.0011 0.0001 0.0005 0.9982]
    [0.9889 0.0026 0.0027 0.0030 0.0029]]

   [[0.0000 0.0001 0.9997 0.0001 0.0000]
    [0.0006 0.0056 0.0005 0.0023 0.9911]
    [0.0002 0.0007 0.0001 0.0029 0.9962]]]


  [[[0.0002 0.0003 0.0005 0.9985 0.0004]
    [0.0008 0.0006 0.0000 0.9982 0.0003]
    [0.0002 0.0002 0.0001 0.0000 0.9994]]

   [[0.0002 0.0002 0.9990 0.0000 0.0006]
    [0.0000 0.9999 0.0000 0.0000 0.0000]
    [0.3045 0.0042 0.5767 0.0494 0.0652]]

   [[0.0002 0.0002 0.0001 0.0001 0.9995]
    [0.9996 0.0001 0.0000 0.0000 0.0003]
    [0.0002 0.0001 0.0001 0.0004 0.9993]]]


  [[[0.0010 0.0010 0.9967 0.0006 0.0006]
    [0.0021 0.0011 0.9958 0.0005 0.0005]
    [0.0004 0.0008 0.0001 0.0001 0.9985]]

   [[0.0001 0.0005 0.0000 0.0003 0.9991]
    [0.0002 0.0002 0.0000 0.0000 0.9996]
    [0.0001 0.0002 0.0000 0.0000 0.9997]]

   [[0.0002 0.0002 0.0000 0.0002 0.9993]
    [0.0003 0.0006 0.0000 0.0004 0.9985]
    [0.0002 0.0003 0.0001 0.0005 0.9989]]]]



 [[[[0.9896 0.0084 0.0009 0.0009 0.0003]
    [0.0001 0.0026 0.9969 0.0003 0.0001]
    [0.0008 0.0136 0.0024 0.0050 0.9782]]

   [[0.0032 0.2878 0.0268 0.0728 0.6094]
    [0.0024 0.0352 0.0162 0.0163 0.9299]
    [0.0003 0.0105 0.0024 0.0131 0.9737]]

   [[0.0004 0.0063 0.0011 0.0031 0.9892]
    [0.0007 0.0249 0.0012 0.0192 0.9540]
    [0.0005 0.0014 0.0011 0.0116 0.9855]]]


  [[[0.0008 0.0012 0.0015 0.0003 0.9962]
    [0.0007 0.0025 0.0002 0.0006 0.9960]
    [0.0005 0.0064 0.0011 0.0004 0.9917]]

   [[0.0003 0.0004 0.0004 0.0001 0.9989]
    [0.0708 0.1476 0.3829 0.2955 0.1032]
    [0.0003 0.0006 0.0004 0.0003 0.9985]]

   [[0.0127 0.0257 0.0063 0.9523 0.0029]
    [0.0002 0.0009 0.0014 0.0004 0.9970]
    [0.0035 0.0326 0.1079 0.3618 0.4941]]]


  [[[0.0006 0.0015 0.0006 0.0002 0.9972]
    [0.0043 0.0053 0.0005 0.0032 0.9866]
    [0.0085 0.3066 0.6231 0.0440 0.0178]]

   [[0.0000 0.0003 0.0003 0.0001 0.9993]
    [0.0522 0.3238 0.0558 0.1336 0.4345]
    [0.0001 0.0037 0.0005 0.0005 0.9952]]

   [[0.0005 0.0009 0.9978 0.0006 0.0002]
    [0.0156 0.0599 0.0054 0.1153 0.8038]
    [0.9935 0.0006 0.0008 0.0048 0.0004]]]]



 [[[[0.9996 0.0001 0.0000 0.0000 0.0002]
    [0.9963 0.0020 0.0002 0.0012 0.0003]
    [0.0000 0.0001 0.9996 0.0002 0.0001]]

   [[0.0000 0.0004 0.0008 0.0004 0.9984]
    [0.0001 0.0005 0.0003 0.0010 0.9981]
    [0.0000 0.0003 0.0003 0.0011 0.9983]]

   [[0.0001 0.0002 0.0007 0.0007 0.9983]
    [0.0004 0.0016 0.0021 0.0044 0.9915]
    [0.0005 0.0006 0.0016 0.0166 0.9808]]]


  [[[0.0005 0.0003 0.0017 0.0001 0.9974]
    [0.9993 0.0000 0.0005 0.0001 0.0001]
    [0.0024 0.0009 0.0014 0.0010 0.9943]]

   [[0.0071 0.0015 0.0289 0.0009 0.9615]
    [0.0002 0.0001 0.0006 0.0004 0.9988]
    [0.0004 0.0005 0.0018 0.0003 0.9970]]

   [[0.0006 0.0001 0.0014 0.0002 0.9978]
    [0.0007 0.0000 0.0012 0.0008 0.9972]
    [0.0002 0.9990 0.0004 0.0003 0.0001]]]


  [[[0.0003 0.0001 0.0002 0.9993 0.0001]
    [0.0012 0.0005 0.0006 0.0005 0.9972]
    [0.0003 0.0002 0.0002 0.0001 0.9992]]

   [[0.0031 0.9520 0.0209 0.0109 0.0131]
    [0.0000 0.0002 0.0002 0.0006 0.9989]
    [0.0007 0.0004 0.9964 0.0011 0.0014]]

   [[0.0003 0.0001 0.0007 0.0003 0.9986]
    [0.0022 0.0010 0.0043 0.0062 0.9864]
    [0.0001 0.0002 0.0005 0.0007 0.9985]]]]]

cpt2: v8 | v6 v7 v19 v25
[[[[[0.0361 0.7688 0.0567 0.1264 0.0120]
    [0.3170 0.2131 0.2333 0.1062 0.1304]
    [0.0251 0.0207 0.0230 0.7896 0.1416]]

   [[0.0457 0.4208 0.1460 0.2771 0.1103]
    [0.0422 0.7353 0.0579 0.1420 0.0226]
    [0.0421 0.0201 0.0264 0.8866 0.0248]]

   [[0.2643 0.1118 0.2216 0.3331 0.0691]
    [0.1943 0.2325 0.3996 0.1035 0.0701]
    [0.0853 0.1563 0.1677 0.0915 0.4992]]]


  [[[0.0761 0.0581 0.7538 0.0627 0.0493]
    [0.3417 0.2556 0.1501 0.1428 0.1098]
    [0.1840 0.1106 0.1616 0.4877 0.0561]]

   [[0.1884 0.0201 0.6316 0.0749 0.0850]
    [0.0583 0.1201 0.0280 0.6737 0.1199]
    [0.1746 0.6185 0.0945 0.0752 0.0372]]

   [[0.2295 0.4910 0.1330 0.0167 0.1298]
    [0.1760 0.1177 0.3197 0.3756 0.0110]
    [0.1268 0.6193 0.0712 0.1170 0.0657]]]


  [[[0.0933 0.6038 0.0868 0.1060 0.1101]
    [0.2378 0.3549 0.1673 0.0924 0.1475]
    [0.0436 0.7990 0.0447 0.0845 0.0282]]

   [[0.3381 0.2537 0.0986 0.1855 0.1240]
    [0.1555 0.5073 0.1228 0.1814 0.0331]
    [0.1991 0.2508 0.2544 0.1306 0.1651]]

   [[0.2383 0.4173 0.0349 0.0611 0.2483]
    [0.0335 0.0772 0.7556 0.0875 0.0462]
    [0.0555 0.0559 0.7063 0.1301 0.0523]]]]



 [[[[0.0775 0.6440 0.1384 0.1000 0.0400]
    [0.0900 0.5802 0.1177 0.1513 0.0608]
    [0.1438 0.1786 0.0896 0.1630 0.4250]]

   [[0.0046 0.0055 0.0107 0.9212 0.0580]
    [0.0696 0.4584 0.1181 0.2488 0.1052]
    [0.0115 0.0068 0.7043 0.0280 0.2494]]

   [[0.1418 0.1510 0.3545 0.2985 0.0541]
    [0.2273 0.2736 0.3229 0.0432 0.1330]
    [0.0702 0.0208 0.2090 0.6453 0.0547]]]


  [[[0.3653 0.0487 0.4445 0.0624 0.0791]
    [0.1018 0.3424 0.1016 0.0836 0.3706]
    [0.4858 0.1188 0.2571 0.0707 0.0676]]

   [[0.0829 0.5145 0.1563 0.0536 0.1928]
    [0.0110 0.0168 0.0520 0.9056 0.0147]
    [0.0130 0.0447 0.0168 0.0149 0.9106]]

   [[0.0726 0.0944 0.7227 0.0495 0.0608]
    [0.1592 0.0587 0.0694 0.6344 0.0782]
    [0.0097 0.0311 0.0995 0.8212 0.0385]]]


  [[[0.0494 0.0227 0.8198 0.0510 0.0570]
    [0.9589 0.0180 0.0088 0.0047 0.0096]
    [0.8360 0.0923 0.0259 0.0042 0.0416]]

   [[0.0114 0.0103 0.8746 0.0158 0.0879]
    [0.9187 0.0153 0.0018 0.0275 0.0367]
    [0.0019 0.0060 0.0007 0.0003 0.9911]]

   [[0.0793 0.0140 0.7901 0.0854 0.0311]
    [0.1282 0.1054 0.0953 0.6386 0.0325]
    [0.0320 0.0203 0.3219 0.5865 0.0392]]]]



 [[[[0.0732 0.4930 0.1290 0.1536 0.1512]
    [0.0888 0.5687 0.1329 0.0967 0.1129]
    [0.1090 0.0529 0.1553 0.4455 0.2373]]

   [[0.0700 0.4293 0.0451 0.3299 0.1257]
    [0.0176 0.1475 0.2423 0.4221 0.1705]
    [0.0253 0.0240 0.2741 0.0597 0.6169]]

   [[0.1457 0.4208 0.2138 0.1859 0.0338]
    [0.0426 0.7955 0.0964 0.0307 0.0348]
    [0.0433 0.0374 0.1289 0.6330 0.1574]]]


  [[[0.0407 0.4855 0.2791 0.1587 0.0359]
    [0.1224 0.7219 0.0249 0.1022 0.0286]
    [0.1535 0.1541 0.2324 0.0104 0.4496]]

   [[0.1058 0.6920 0.1039 0.0127 0.0856]
    [0.8120 0.1065 0.0394 0.0354 0.0066]
    [0.0495 0.0096 0.8071 0.0964 0.0373]]

   [[0.0667 0.3492 0.0636 0.1250 0.3955]
    [0.7239 0.1228 0.0931 0.0065 0.0537]
    [0.0796 0.0319 0.0925 0.6972 0.0988]]]


  [[[0.6107 0.2083 0.0711 0.0769 0.0330]
    [0.9076 0.0225 0.0387 0.0268 0.0044]
    [0.0222 0.9461 0.0151 0.0052 0.0114]]

   [[0.0453 0.0812 0.0037 0.1311 0.7388]
    [0.0345 0.0152 0.0119 0.0123 0.9262]
    [0.0684 0.0523 0.6961 0.0056 0.1775]]

   [[0.3010 0.2595 0.0366 0.3170 0.0859]
    [0.0611 0.7740 0.0581 0.0278 0.0790]
    [0.1268 0.5369 0.0533 0.2245 0.0585]]]]



 [[[[0.0160 0.9257 0.0162 0.0293 0.0127]
    [0.0110 0.9727 0.0067 0.0055 0.0040]
    [0.0160 0.8070 0.0840 0.0477 0.0452]]

   [[0.0272 0.1042 0.1028 0.6260 0.1399]
    [0.1979 0.1567 0.0278 0.0185 0.5990]
    [0.0026 0.0014 0.0018 0.0005 0.9937]]

   [[0.0139 0.9122 0.0160 0.0138 0.0441]
    [0.0207 0.8963 0.0091 0.0331 0.0409]
    [0.0410 0.0197 0.2566 0.5211 0.1615]]]


  [[[0.0400 0.0318 0.8378 0.0144 0.0761]
    [0.0501 0.8357 0.0116 0.0150 0.0876]
    [0.0619 0.6033 0.0759 0.0335 0.2254]]

   [[0.0763 0.2547 0.1316 0.0359 0.5015]
    [0.0043 0.0033 0.9762 0.0051 0.0111]
    [0.0308 0.6477 0.0639 0.0453 0.2123]]

   [[0.7110 0.2165 0.0224 0.0406 0.0095]
    [0.0325 0.1472 0.5466 0.0300 0.2437]
    [0.0040 0.0046 0.0147 0.9717 0.0050]]]


  [[[0.0560 0.0074 0.0107 0.0044 0.9216]
    [0.9550 0.0016 0.0104 0.0026 0.0304]
    [0.0020 0.9935 0.0021 0.0009 0.0014]]

   [[0.0039 0.0127 0.0207 0.0155 0.9471]
    [0.0094 0.0101 0.0323 0.1153 0.8328]
    [0.0038 0.9632 0.0058 0.0012 0.0261]]

   [[0.0926 0.0906 0.4367 0.0562 0.3240]
    [0.0205 0.9297 0.0115 0.0298 0.0086]
    [0.0101 0.6755 0.0831 0.1116 0.1197]]]]



 [[[[0.4510 0.0703 0.0637 0.0368 0.3782]
    [0.1210 0.1589 0.0475 0.6334 0.0392]
    [0.0110 0.1282 0.6415 0.0887 0.1307]]

   [[0.1107 0.1747 0.2303 0.1388 0.3455]
    [0.1096 0.1021 0.0693 0.1527 0.5663]
    [0.0304 0.3990 0.0657 0.1306 0.3743]]

   [[0.0352 0.0705 0.2789 0.2781 0.3373]
    [0.1386 0.2367 0.1406 0.2120 0.2721]
    [0.0599 0.1742 0.0690 0.6120 0.0849]]]


  [[[0.0450 0.3428 0.1573 0.3798 0.0752]
    [0.3496 0.0620 0.3481 0.1862 0.0541]
    [0.2540 0.2598 0.0281 0.3161 0.1420]]

   [[0.4350 0.1025 0.1108 0.1796 0.1722]
    [0.1473 0.0715 0.1098 0.5249 0.1465]
    [0.1192 0.2716 0.3137 0.0379 0.2577]]

   [[0.2261 0.1027 0.3412 0.1135 0.2164]
    [0.2989 0.0302 0.3524 0.0805 0.2381]
    [0.2895 0.4976 0.0894 0.0475 0.0759]]]


  [[[0.4989 0.1346 0.0405 0.2812 0.0449]
    [0.3011 0.1915 0.0467 0.3630 0.0978]
    [0.1627 0.5118 0.0596 0.1276 0.1383]]

   [[0.1800 0.0172 0.0339 0.0055 0.7634]
    [0.0109 0.0672 0.0235 0.2555 0.6429]
    [0.5248 0.0065 0.3219 0.0811 0.0657]]

   [[0.3340 0.0887 0.3451 0.0417 0.1905]
    [0.1506 0.2538 0.3697 0.1370 0.0890]
    [0.0750 0.1530 0.2938 0.3165 0.1617]]]]]

cpt3: v8 | v6 v7 v19 v25
[[[[[0.0632 0.5056 0.0945 0.3181 0.0186]
    [0.4059 0.1252 0.2347 0.0946 0.1397]
    [0.0358 0.0275 0.0313 0.6163 0.2892]]

   [[0.0656 0.2401 0.1864 0.2986 0.2093]
    [0.0854 0.5584 0.1048 0.2129 0.0385]
    [0.3247 0.0699 0.0828 0.4410 0.0816]]

   [[0.3299 0.0834 0.1813 0.3333 0.0721]
    [0.2198 0.1557 0.4569 0.0930 0.0746]
    [0.0850 0.2219 0.1716 0.0583 0.4632]]]


  [[[0.1098 0.0729 0.6196 0.1208 0.0769]
    [0.3795 0.2101 0.1425 0.1494 0.1185]
    [0.3056 0.1088 0.1339 0.3892 0.0625]]

   [[0.3476 0.0245 0.2912 0.1667 0.1699]
    [0.0893 0.2048 0.0369 0.4502 0.2188]
    [0.5323 0.2948 0.0773 0.0577 0.0379]]

   [[0.1598 0.5397 0.1208 0.0166 0.1630]
    [0.1895 0.1324 0.3539 0.3126 0.0116]
    [0.0837 0.7754 0.0459 0.0505 0.0444]]]


  [[[0.0987 0.4306 0.0957 0.1887 0.1864]
    [0.2362 0.2057 0.1981 0.0794 0.2807]
    [0.0814 0.6181 0.0859 0.1603 0.0543]]

   [[0.5801 0.1443 0.0795 0.1011 0.0949]
    [0.3341 0.3104 0.1647 0.1394 0.0514]
    [0.5007 0.0441 0.1447 0.1708 0.1396]]

   [[0.1029 0.2554 0.0293 0.0567 0.5558]
    [0.0299 0.0643 0.7923 0.0640 0.0495]
    [0.0368 0.0331 0.8526 0.0436 0.0339]]]]



 [[[[0.2393 0.4146 0.1810 0.1168 0.0483]
    [0.1389 0.0832 0.5771 0.1098 0.0911]
    [0.1993 0.3302 0.0758 0.0950 0.2996]]

   [[0.0787 0.3496 0.1212 0.1543 0.2961]
    [0.0449 0.4311 0.1705 0.0732 0.2803]
    [0.0722 0.1570 0.6523 0.0827 0.0359]]

   [[0.1843 0.3630 0.1888 0.2064 0.0575]
    [0.3320 0.1332 0.2005 0.0519 0.2824]
    [0.1450 0.2900 0.2296 0.2395 0.0960]]]


  [[[0.3505 0.0994 0.1487 0.2657 0.1358]
    [0.1589 0.1716 0.1290 0.1766 0.3639]
    [0.2766 0.2554 0.2130 0.1232 0.1318]]

   [[0.1441 0.3520 0.0734 0.2617 0.1689]
    [0.2383 0.2177 0.4315 0.0969 0.0156]
    [0.0482 0.0917 0.4858 0.0998 0.2745]]

   [[0.0795 0.3737 0.3001 0.0948 0.1518]
    [0.2887 0.0999 0.0862 0.3879 0.1372]
    [0.0196 0.4735 0.2250 0.1408 0.1411]]]


  [[[0.0469 0.6155 0.1647 0.1002 0.0727]
    [0.5419 0.1433 0.1003 0.0223 0.1922]
    [0.0869 0.2093 0.0603 0.0789 0.5646]]

   [[0.1577 0.1248 0.1650 0.0963 0.4562]
    [0.3451 0.0738 0.0113 0.3289 0.2409]
    [0.0660 0.1234 0.0591 0.2383 0.5133]]

   [[0.3536 0.0551 0.2859 0.2017 0.1037]
    [0.0827 0.1704 0.3479 0.0929 0.3061]
    [0.0961 0.1142 0.2243 0.4889 0.0765]]]]



 [[[[0.1134 0.1661 0.2164 0.2681 0.2359]
    [0.1698 0.1368 0.3660 0.1396 0.1877]
    [0.1994 0.0505 0.1316 0.4356 0.1829]]

   [[0.3208 0.2018 0.0574 0.1081 0.3118]
    [0.0186 0.0600 0.2876 0.2185 0.4152]
    [0.4355 0.2841 0.1145 0.0740 0.0920]]

   [[0.2155 0.2156 0.3659 0.1633 0.0397]
    [0.0831 0.5382 0.2532 0.0549 0.0705]
    [0.2736 0.2316 0.1111 0.1962 0.1875]]]


  [[[0.0299 0.1394 0.1999 0.6025 0.0283]
    [0.1216 0.3863 0.0347 0.4221 0.0353]
    [0.1515 0.0939 0.2731 0.0098 0.4717]]

   [[0.1995 0.2233 0.3836 0.0238 0.1698]
    [0.2597 0.5157 0.0787 0.1361 0.0099]
    [0.4076 0.0151 0.1450 0.3906 0.0417]]

   [[0.0559 0.2265 0.0643 0.1732 0.4801]
    [0.6512 0.1610 0.1180 0.0075 0.0623]
    [0.3298 0.0750 0.1832 0.2193 0.1928]]]


  [[[0.2205 0.2683 0.1922 0.2800 0.0391]
    [0.2193 0.0444 0.6116 0.1135 0.0112]
    [0.1765 0.2586 0.3252 0.1085 0.1312]]

   [[0.2048 0.0881 0.0247 0.3333 0.3491]
    [0.4710 0.0602 0.1024 0.0544 0.3121]
    [0.1479 0.0810 0.1221 0.0823 0.5668]]

   [[0.4111 0.1716 0.0559 0.1562 0.2052]
    [0.1158 0.2198 0.1962 0.0837 0.3845]
    [0.5830 0.2056 0.0453 0.1154 0.0507]]]]



 [[[[0.5001 0.2103 0.1036 0.1310 0.0551]
    [0.1929 0.3214 0.3866 0.0620 0.0370]
    [0.2927 0.1693 0.2393 0.1312 0.1675]]

   [[0.2171 0.3072 0.0651 0.0791 0.3314]
    [0.5210 0.1525 0.1662 0.0317 0.1287]
    [0.0748 0.4384 0.0544 0.0749 0.3575]]

   [[0.1312 0.2668 0.0683 0.0372 0.4965]
    [0.0708 0.2718 0.0314 0.1414 0.4846]
    [0.2620 0.0507 0.1171 0.1564 0.4139]]]


  [[[0.1485 0.0682 0.2440 0.3542 0.1852]
    [0.1796 0.3735 0.0276 0.3122 0.1071]
    [0.0508 0.4249 0.0932 0.0298 0.4013]]

   [[0.0210 0.0392 0.0708 0.0491 0.8199]
    [0.4798 0.1346 0.1029 0.2316 0.0511]
    [0.0364 0.0217 0.0821 0.0416 0.8182]]

   [[0.6544 0.1553 0.0291 0.1490 0.0123]
    [0.0519 0.2070 0.3366 0.0479 0.3566]
    [0.1642 0.1881 0.2800 0.2803 0.0875]]]


  [[[0.0433 0.0977 0.5126 0.0253 0.3212]
    [0.3739 0.0789 0.1267 0.2609 0.1597]
    [0.0562 0.2553 0.2848 0.3026 0.1010]]

   [[0.0220 0.0316 0.0436 0.0522 0.8507]
    [0.0289 0.0029 0.0191 0.0142 0.9350]
    [0.0268 0.0906 0.0248 0.0395 0.8182]]

   [[0.1887 0.0746 0.6645 0.0220 0.0502]
    [0.2379 0.5216 0.0456 0.1334 0.0614]
    [0.7282 0.0303 0.0805 0.0858 0.0752]]]]



 [[[[0.5197 0.0597 0.0562 0.0336 0.3308]
    [0.1415 0.1350 0.0483 0.6344 0.0408]
    [0.0108 0.1152 0.6552 0.0783 0.1405]]

   [[0.1254 0.1745 0.1887 0.1051 0.4062]
    [0.1052 0.0745 0.0555 0.1042 0.6606]
    [0.0280 0.3490 0.0593 0.0763 0.4875]]

   [[0.0344 0.0742 0.2341 0.2090 0.4482]
    [0.1470 0.2086 0.1363 0.1882 0.3198]
    [0.0765 0.4107 0.0884 0.3109 0.1135]]]


  [[[0.0390 0.2730 0.1162 0.5059 0.0659]
    [0.3793 0.0626 0.3127 0.1904 0.0551]
    [0.2492 0.2863 0.0281 0.2793 0.1571]]

   [[0.3689 0.1068 0.0950 0.2477 0.1815]
    [0.1721 0.0846 0.1124 0.4608 0.1701]
    [0.1176 0.1987 0.2759 0.0319 0.3760]]

   [[0.1924 0.1283 0.2759 0.1302 0.2732]
    [0.3045 0.0311 0.3116 0.0779 0.2750]
    [0.1916 0.6471 0.0661 0.0340 0.0612]]]


  [[[0.3245 0.1552 0.0397 0.4360 0.0446]
    [0.3477 0.2163 0.0480 0.2722 0.1158]
    [0.1319 0.3911 0.0719 0.1765 0.2286]]

   [[0.1777 0.2717 0.0427 0.3410 0.1668]
    [0.0143 0.1306 0.0283 0.3519 0.4750]
    [0.3260 0.0413 0.1229 0.3192 0.1906]]

   [[0.2805 0.1285 0.2842 0.0472 0.2595]
    [0.1461 0.3101 0.3352 0.1084 0.1002]
    [0.0789 0.1970 0.3181 0.1836 0.2223]]]]]

cpt4: v8 | v6 v7 v19 v25
[[[[[0.0632 0.5056 0.0945 0.3181 0.0186]
    [0.4059 0.1252 0.2347 0.0946 0.1397]
    [0.0358 0.0275 0.0313 0.6163 0.2892]]

   [[0.0656 0.2401 0.1864 0.2986 0.2093]
    [0.0854 0.5584 0.1048 0.2129 0.0385]
    [0.3247 0.0699 0.0828 0.4410 0.0816]]

   [[0.3299 0.0834 0.1813 0.3333 0.0721]
    [0.2198 0.1557 0.4569 0.0930 0.0746]
    [0.0850 0.2219 0.1716 0.0583 0.4632]]]


  [[[0.1098 0.0729 0.6196 0.1208 0.0769]
    [0.3795 0.2101 0.1425 0.1494 0.1185]
    [0.3056 0.1088 0.1339 0.3892 0.0625]]

   [[0.3476 0.0245 0.2912 0.1667 0.1699]
    [0.0893 0.2048 0.0369 0.4502 0.2188]
    [0.5323 0.2948 0.0773 0.0577 0.0379]]

   [[0.1598 0.5397 0.1208 0.0166 0.1630]
    [0.1895 0.1324 0.3539 0.3126 0.0116]
    [0.0837 0.7754 0.0459 0.0505 0.0444]]]


  [[[0.0987 0.4306 0.0957 0.1887 0.1864]
    [0.2362 0.2057 0.1981 0.0794 0.2807]
    [0.0814 0.6181 0.0859 0.1603 0.0543]]

   [[0.5801 0.1443 0.0795 0.1011 0.0949]
    [0.3341 0.3104 0.1647 0.1394 0.0514]
    [0.5007 0.0441 0.1447 0.1708 0.1396]]

   [[0.1029 0.2554 0.0293 0.0567 0.5558]
    [0.0299 0.0643 0.7923 0.0640 0.0495]
    [0.0368 0.0331 0.8526 0.0436 0.0339]]]]



 [[[[0.2393 0.4146 0.1810 0.1168 0.0483]
    [0.1389 0.0832 0.5771 0.1098 0.0911]
    [0.1993 0.3302 0.0758 0.0950 0.2996]]

   [[0.0787 0.3496 0.1212 0.1543 0.2961]
    [0.0449 0.4311 0.1705 0.0732 0.2803]
    [0.0722 0.1570 0.6523 0.0827 0.0359]]

   [[0.1843 0.3630 0.1888 0.2064 0.0575]
    [0.3320 0.1332 0.2005 0.0519 0.2824]
    [0.1450 0.2900 0.2296 0.2395 0.0960]]]


  [[[0.3505 0.0994 0.1487 0.2657 0.1358]
    [0.1589 0.1716 0.1290 0.1766 0.3639]
    [0.2766 0.2554 0.2130 0.1232 0.1318]]

   [[0.1441 0.3520 0.0734 0.2617 0.1689]
    [0.2383 0.2177 0.4315 0.0969 0.0156]
    [0.0482 0.0917 0.4858 0.0998 0.2745]]

   [[0.0795 0.3737 0.3001 0.0948 0.1518]
    [0.2887 0.0999 0.0862 0.3879 0.1372]
    [0.0196 0.4735 0.2250 0.1408 0.1411]]]


  [[[0.0469 0.6155 0.1647 0.1002 0.0727]
    [0.5419 0.1433 0.1003 0.0223 0.1922]
    [0.0869 0.2093 0.0603 0.0789 0.5646]]

   [[0.4865 0.0682 0.1160 0.2563 0.0730]
    [0.3451 0.0738 0.0113 0.3289 0.2409]
    [0.0767 0.1835 0.0695 0.4753 0.1950]]

   [[0.3536 0.0551 0.2859 0.2017 0.1037]
    [0.0827 0.1704 0.3479 0.0929 0.3061]
    [0.0961 0.1142 0.2243 0.4889 0.0765]]]]



 [[[[0.1134 0.1661 0.2164 0.2681 0.2359]
    [0.1698 0.1368 0.3660 0.1396 0.1877]
    [0.1994 0.0505 0.1316 0.4356 0.1829]]

   [[0.3208 0.2018 0.0574 0.1081 0.3118]
    [0.0186 0.0600 0.2876 0.2185 0.4152]
    [0.4355 0.2841 0.1145 0.0740 0.0920]]

   [[0.2155 0.2156 0.3659 0.1633 0.0397]
    [0.0831 0.5382 0.2532 0.0549 0.0705]
    [0.2736 0.2316 0.1111 0.1962 0.1875]]]


  [[[0.0299 0.1394 0.1999 0.6025 0.0283]
    [0.1216 0.3863 0.0347 0.4221 0.0353]
    [0.1515 0.0939 0.2731 0.0098 0.4717]]

   [[0.1995 0.2233 0.3836 0.0238 0.1698]
    [0.2597 0.5157 0.0787 0.1361 0.0099]
    [0.4076 0.0151 0.1450 0.3906 0.0417]]

   [[0.0559 0.2265 0.0643 0.1732 0.4801]
    [0.6512 0.1610 0.1180 0.0075 0.0623]
    [0.3298 0.0750 0.1832 0.2193 0.1928]]]


  [[[0.2205 0.2683 0.1922 0.2800 0.0391]
    [0.2193 0.0444 0.6116 0.1135 0.0112]
    [0.1765 0.2586 0.3252 0.1085 0.1312]]

   [[0.2105 0.0895 0.0249 0.3426 0.3325]
    [0.4710 0.0602 0.1024 0.0544 0.3121]
    [0.1479 0.0810 0.1221 0.0823 0.5668]]

   [[0.4111 0.1716 0.0559 0.1562 0.2052]
    [0.1158 0.2198 0.1962 0.0837 0.3845]
    [0.5830 0.2056 0.0453 0.1154 0.0507]]]]



 [[[[0.5001 0.2103 0.1036 0.1310 0.0551]
    [0.1929 0.3214 0.3866 0.0620 0.0370]
    [0.2927 0.1693 0.2393 0.1312 0.1675]]

   [[0.2198 0.3049 0.0653 0.0794 0.3306]
    [0.5210 0.1525 0.1662 0.0317 0.1287]
    [0.0750 0.4358 0.0546 0.0751 0.3595]]

   [[0.1312 0.2668 0.0683 0.0372 0.4965]
    [0.0708 0.2718 0.0314 0.1414 0.4846]
    [0.2620 0.0507 0.1171 0.1564 0.4139]]]


  [[[0.1485 0.0682 0.2440 0.3542 0.1852]
    [0.1796 0.3735 0.0276 0.3122 0.1071]
    [0.0508 0.4249 0.0932 0.0298 0.4013]]

   [[0.1240 0.0359 0.0830 0.0467 0.7103]
    [0.4798 0.1346 0.1029 0.2316 0.0511]
    [0.0272 0.0216 0.0221 0.0205 0.9086]]

   [[0.6544 0.1553 0.0291 0.1490 0.0123]
    [0.0519 0.2070 0.3366 0.0479 0.3566]
    [0.1642 0.1881 0.2800 0.2803 0.0875]]]


  [[[0.0433 0.0977 0.5127 0.0253 0.3212]
    [0.3738 0.0789 0.1267 0.2609 0.1597]
    [0.0562 0.2553 0.2848 0.3026 0.1010]]

   [[0.0034 0.0362 0.0974 0.0633 0.7996]
    [0.2879 0.1204 0.2840 0.0771 0.2307]
    [0.0692 0.0617 0.0661 0.0313 0.7718]]

   [[0.1887 0.0746 0.6645 0.0220 0.0502]
    [0.2379 0.5216 0.0456 0.1334 0.0614]
    [0.7282 0.0303 0.0805 0.0858 0.0752]]]]



 [[[[0.5197 0.0597 0.0562 0.0336 0.3308]
    [0.1415 0.1350 0.0483 0.6344 0.0408]
    [0.0108 0.1152 0.6552 0.0783 0.1405]]

   [[0.1254 0.1745 0.1887 0.1051 0.4062]
    [0.1052 0.0745 0.0555 0.1042 0.6606]
    [0.0280 0.3490 0.0593 0.0763 0.4875]]

   [[0.0344 0.0742 0.2341 0.2090 0.4482]
    [0.1470 0.2086 0.1363 0.1882 0.3198]
    [0.0765 0.4107 0.0884 0.3109 0.1135]]]


  [[[0.0390 0.2730 0.1162 0.5059 0.0659]
    [0.3793 0.0626 0.3127 0.1904 0.0551]
    [0.2492 0.2863 0.0281 0.2793 0.1571]]

   [[0.3689 0.1068 0.0950 0.2477 0.1815]
    [0.1721 0.0846 0.1124 0.4608 0.1701]
    [0.1176 0.1987 0.2759 0.0319 0.3760]]

   [[0.1924 0.1283 0.2759 0.1302 0.2732]
    [0.3045 0.0311 0.3116 0.0779 0.2750]
    [0.1916 0.6471 0.0661 0.0340 0.0612]]]


  [[[0.3245 0.1552 0.0397 0.4360 0.0446]
    [0.3477 0.2163 0.0480 0.2722 0.1158]
    [0.1319 0.3911 0.0719 0.1765 0.2286]]

   [[0.1777 0.2716 0.0427 0.3411 0.1668]
    [0.0143 0.1306 0.0283 0.3519 0.4750]
    [0.3260 0.0413 0.1229 0.3192 0.1906]]

   [[0.2805 0.1285 0.2842 0.0472 0.2595]
    [0.1461 0.3101 0.3352 0.1084 0.1002]
    [0.0789 0.1970 0.3181 0.1836 0.2223]]]]]

cpt5: v8 | v6 v7 v19 v25
[[[[[0.0632 0.5056 0.0945 0.3181 0.0186]
    [0.4059 0.1252 0.2347 0.0946 0.1397]
    [0.0358 0.0275 0.0313 0.6163 0.2892]]

   [[0.0656 0.2401 0.1864 0.2986 0.2093]
    [0.0854 0.5584 0.1048 0.2129 0.0385]
    [0.3247 0.0699 0.0828 0.4410 0.0816]]

   [[0.3299 0.0834 0.1813 0.3333 0.0721]
    [0.2198 0.1557 0.4569 0.0930 0.0746]
    [0.0850 0.2219 0.1716 0.0583 0.4632]]]


  [[[0.1098 0.0729 0.6196 0.1208 0.0769]
    [0.3795 0.2101 0.1425 0.1494 0.1185]
    [0.3056 0.1088 0.1339 0.3892 0.0625]]

   [[0.3476 0.0245 0.2912 0.1667 0.1699]
    [0.0893 0.2048 0.0369 0.4502 0.2188]
    [0.5323 0.2948 0.0773 0.0577 0.0379]]

   [[0.1598 0.5397 0.1208 0.0166 0.1630]
    [0.1895 0.1324 0.3539 0.3126 0.0116]
    [0.0837 0.7754 0.0459 0.0505 0.0444]]]


  [[[0.0987 0.4306 0.0957 0.1887 0.1864]
    [0.2362 0.2057 0.1981 0.0794 0.2807]
    [0.0814 0.6181 0.0859 0.1603 0.0543]]

   [[0.5801 0.1443 0.0795 0.1011 0.0949]
    [0.3341 0.3104 0.1647 0.1394 0.0514]
    [0.5007 0.0441 0.1447 0.1708 0.1396]]

   [[0.1029 0.2554 0.0293 0.0567 0.5558]
    [0.0299 0.0643 0.7923 0.0640 0.0495]
    [0.0368 0.0331 0.8526 0.0436 0.0339]]]]



 [[[[0.2393 0.4146 0.1810 0.1168 0.0483]
    [0.1389 0.0832 0.5771 0.1098 0.0911]
    [0.1993 0.3302 0.0758 0.0950 0.2996]]

   [[0.0787 0.3496 0.1212 0.1543 0.2961]
    [0.0449 0.4311 0.1705 0.0732 0.2803]
    [0.0722 0.1570 0.6523 0.0827 0.0359]]

   [[0.1843 0.3630 0.1888 0.2064 0.0575]
    [0.3320 0.1332 0.2005 0.0519 0.2824]
    [0.1450 0.2900 0.2296 0.2395 0.0960]]]


  [[[0.3505 0.0994 0.1487 0.2657 0.1358]
    [0.1589 0.1716 0.1290 0.1766 0.3639]
    [0.2766 0.2554 0.2130 0.1232 0.1318]]

   [[0.1441 0.3520 0.0734 0.2617 0.1689]
    [0.2383 0.2177 0.4315 0.0969 0.0156]
    [0.0482 0.0917 0.4858 0.0998 0.2745]]

   [[0.0795 0.3737 0.3001 0.0948 0.1518]
    [0.2887 0.0999 0.0862 0.3879 0.1372]
    [0.0196 0.4735 0.2250 0.1408 0.1411]]]


  [[[0.0469 0.6155 0.1647 0.1002 0.0727]
    [0.5419 0.1433 0.1003 0.0223 0.1922]
    [0.0869 0.2093 0.0603 0.0789 0.5646]]

   [[0.4872 0.0681 0.1155 0.2563 0.0729]
    [0.3451 0.0738 0.0113 0.3289 0.2409]
    [0.0767 0.1835 0.0695 0.4753 0.1950]]

   [[0.3536 0.0551 0.2859 0.2017 0.1037]
    [0.0827 0.1704 0.3479 0.0929 0.3061]
    [0.0961 0.1142 0.2243 0.4889 0.0765]]]]



 [[[[0.1134 0.1661 0.2164 0.2681 0.2359]
    [0.1698 0.1368 0.3660 0.1396 0.1877]
    [0.1994 0.0505 0.1316 0.4356 0.1829]]

   [[0.3208 0.2018 0.0574 0.1081 0.3118]
    [0.0186 0.0600 0.2876 0.2185 0.4152]
    [0.4355 0.2841 0.1145 0.0740 0.0920]]

   [[0.2155 0.2156 0.3659 0.1633 0.0397]
    [0.0831 0.5382 0.2532 0.0549 0.0705]
    [0.2736 0.2316 0.1111 0.1962 0.1875]]]


  [[[0.0299 0.1394 0.1999 0.6025 0.0283]
    [0.1216 0.3863 0.0347 0.4221 0.0353]
    [0.1515 0.0939 0.2731 0.0098 0.4717]]

   [[0.1995 0.2233 0.3836 0.0238 0.1698]
    [0.2597 0.5157 0.0787 0.1361 0.0099]
    [0.4076 0.0151 0.1450 0.3906 0.0417]]

   [[0.0559 0.2265 0.0643 0.1732 0.4801]
    [0.6512 0.1610 0.1180 0.0075 0.0623]
    [0.3298 0.0750 0.1832 0.2193 0.1928]]]


  [[[0.2205 0.2683 0.1922 0.2800 0.0391]
    [0.2193 0.0444 0.6116 0.1135 0.0112]
    [0.1765 0.2586 0.3252 0.1085 0.1312]]

   [[0.2105 0.0895 0.0249 0.3426 0.3325]
    [0.4710 0.0602 0.1024 0.0544 0.3121]
    [0.1479 0.0810 0.1221 0.0823 0.5668]]

   [[0.4111 0.1716 0.0559 0.1562 0.2052]
    [0.1158 0.2198 0.1962 0.0837 0.3845]
    [0.5830 0.2056 0.0453 0.1154 0.0507]]]]



 [[[[0.5001 0.2103 0.1036 0.1310 0.0551]
    [0.1929 0.3214 0.3866 0.0620 0.0370]
    [0.2927 0.1693 0.2393 0.1312 0.1675]]

   [[0.2198 0.3049 0.0653 0.0794 0.3306]
    [0.5210 0.1525 0.1662 0.0317 0.1287]
    [0.0750 0.4358 0.0546 0.0751 0.3595]]

   [[0.1312 0.2668 0.0683 0.0372 0.4965]
    [0.0708 0.2718 0.0314 0.1414 0.4846]
    [0.2620 0.0507 0.1171 0.1564 0.4139]]]


  [[[0.1485 0.0682 0.2440 0.3542 0.1852]
    [0.1796 0.3735 0.0276 0.3122 0.1071]
    [0.0508 0.4249 0.0932 0.0298 0.4013]]

   [[0.1251 0.0361 0.0834 0.0468 0.7086]
    [0.4798 0.1346 0.1029 0.2316 0.0511]
    [0.0955 0.0536 0.0473 0.0592 0.7444]]

   [[0.6544 0.1553 0.0291 0.1490 0.0123]
    [0.0519 0.2070 0.3366 0.0479 0.3566]
    [0.1642 0.1881 0.2800 0.2803 0.0875]]]


  [[[0.0433 0.0977 0.5127 0.0253 0.3212]
    [0.3738 0.0789 0.1267 0.2609 0.1597]
    [0.0562 0.2553 0.2848 0.3026 0.1010]]

   [[0.0263 0.0708 0.0647 0.0437 0.7946]
    [0.3097 0.1251 0.3162 0.0685 0.1804]
    [0.0164 0.0849 0.0808 0.0025 0.8154]]

   [[0.1887 0.0746 0.6645 0.0220 0.0502]
    [0.2379 0.5216 0.0456 0.1334 0.0614]
    [0.7282 0.0303 0.0805 0.0858 0.0752]]]]



 [[[[0.5197 0.0597 0.0562 0.0336 0.3308]
    [0.1415 0.1350 0.0483 0.6344 0.0408]
    [0.0108 0.1152 0.6552 0.0783 0.1405]]

   [[0.1254 0.1745 0.1887 0.1051 0.4062]
    [0.1052 0.0745 0.0555 0.1042 0.6606]
    [0.0280 0.3490 0.0593 0.0763 0.4875]]

   [[0.0344 0.0742 0.2341 0.2090 0.4482]
    [0.1470 0.2086 0.1363 0.1882 0.3198]
    [0.0765 0.4107 0.0884 0.3109 0.1135]]]


  [[[0.0390 0.2730 0.1162 0.5059 0.0659]
    [0.3793 0.0626 0.3127 0.1904 0.0551]
    [0.2492 0.2863 0.0281 0.2793 0.1571]]

   [[0.3689 0.1068 0.0950 0.2477 0.1815]
    [0.1721 0.0846 0.1124 0.4608 0.1701]
    [0.1176 0.1987 0.2759 0.0319 0.3760]]

   [[0.1924 0.1283 0.2759 0.1302 0.2732]
    [0.3045 0.0311 0.3116 0.0779 0.2750]
    [0.1916 0.6471 0.0661 0.0340 0.0612]]]


  [[[0.3245 0.1552 0.0397 0.4360 0.0446]
    [0.3477 0.2163 0.0480 0.2722 0.1158]
    [0.1319 0.3911 0.0719 0.1765 0.2286]]

   [[0.1777 0.2716 0.0427 0.3411 0.1668]
    [0.0143 0.1306 0.0283 0.3519 0.4750]
    [0.3260 0.0413 0.1229 0.3192 0.1906]]

   [[0.2805 0.1285 0.2842 0.0472 0.2595]
    [0.1461 0.3101 0.3352 0.1084 0.1002]
    [0.0789 0.1970 0.3181 0.1836 0.2223]]]]]

cpt6: v8 | v6 v7 v19 v25
[[[[[0.0632 0.5056 0.0945 0.3181 0.0186]
    [0.4059 0.1252 0.2347 0.0946 0.1397]
    [0.0358 0.0275 0.0313 0.6163 0.2892]]

   [[0.0656 0.2401 0.1864 0.2986 0.2093]
    [0.0854 0.5584 0.1048 0.2129 0.0385]
    [0.3247 0.0699 0.0828 0.4410 0.0816]]

   [[0.3299 0.0834 0.1813 0.3333 0.0721]
    [0.2198 0.1557 0.4569 0.0930 0.0746]
    [0.0850 0.2219 0.1716 0.0583 0.4632]]]


  [[[0.1098 0.0729 0.6196 0.1208 0.0769]
    [0.3795 0.2101 0.1425 0.1494 0.1185]
    [0.3056 0.1088 0.1339 0.3892 0.0625]]

   [[0.3476 0.0245 0.2912 0.1667 0.1699]
    [0.0893 0.2048 0.0369 0.4502 0.2188]
    [0.5323 0.2948 0.0773 0.0577 0.0379]]

   [[0.1598 0.5397 0.1208 0.0166 0.1630]
    [0.1895 0.1324 0.3539 0.3126 0.0116]
    [0.0837 0.7754 0.0459 0.0505 0.0444]]]


  [[[0.0987 0.4306 0.0957 0.1887 0.1864]
    [0.2362 0.2057 0.1981 0.0794 0.2807]
    [0.0814 0.6181 0.0859 0.1603 0.0543]]

   [[0.5801 0.1443 0.0795 0.1011 0.0949]
    [0.3341 0.3104 0.1647 0.1394 0.0514]
    [0.5007 0.0441 0.1447 0.1708 0.1396]]

   [[0.1029 0.2554 0.0293 0.0567 0.5558]
    [0.0299 0.0643 0.7923 0.0640 0.0495]
    [0.0368 0.0331 0.8526 0.0436 0.0339]]]]



 [[[[0.2393 0.4146 0.1810 0.1168 0.0483]
    [0.1389 0.0832 0.5771 0.1098 0.0911]
    [0.1993 0.3302 0.0758 0.0950 0.2996]]

   [[0.0787 0.3496 0.1212 0.1543 0.2961]
    [0.0449 0.4311 0.1705 0.0732 0.2803]
    [0.0722 0.1570 0.6523 0.0827 0.0359]]

   [[0.1843 0.3630 0.1888 0.2064 0.0575]
    [0.3320 0.1332 0.2005 0.0519 0.2824]
    [0.1450 0.2900 0.2296 0.2395 0.0960]]]


  [[[0.3505 0.0994 0.1487 0.2657 0.1358]
    [0.1589 0.1716 0.1290 0.1766 0.3639]
    [0.2766 0.2554 0.2130 0.1232 0.1318]]

   [[0.1441 0.3520 0.0734 0.2617 0.1689]
    [0.2383 0.2177 0.4315 0.0969 0.0156]
    [0.0482 0.0917 0.4858 0.0998 0.2745]]

   [[0.0795 0.3737 0.3001 0.0948 0.1518]
    [0.2887 0.0999 0.0862 0.3879 0.1372]
    [0.0196 0.4735 0.2250 0.1408 0.1411]]]


  [[[0.0469 0.6155 0.1647 0.1002 0.0727]
    [0.5419 0.1433 0.1003 0.0223 0.1922]
    [0.0869 0.2093 0.0603 0.0789 0.5646]]

   [[0.4872 0.0681 0.1155 0.2563 0.0729]
    [0.3451 0.0738 0.0113 0.3289 0.2409]
    [0.0767 0.1835 0.0695 0.4753 0.1950]]

   [[0.3536 0.0551 0.2859 0.2017 0.1037]
    [0.0827 0.1704 0.3479 0.0929 0.3061]
    [0.0961 0.1142 0.2243 0.4889 0.0765]]]]



 [[[[0.1134 0.1661 0.2164 0.2681 0.2359]
    [0.1698 0.1368 0.3660 0.1396 0.1877]
    [0.1994 0.0505 0.1316 0.4356 0.1829]]

   [[0.3208 0.2018 0.0574 0.1081 0.3118]
    [0.0186 0.0600 0.2876 0.2185 0.4152]
    [0.4355 0.2841 0.1145 0.0740 0.0920]]

   [[0.2155 0.2156 0.3659 0.1633 0.0397]
    [0.0831 0.5382 0.2532 0.0549 0.0705]
    [0.2736 0.2316 0.1111 0.1962 0.1875]]]


  [[[0.0299 0.1394 0.1999 0.6025 0.0283]
    [0.1216 0.3863 0.0347 0.4221 0.0353]
    [0.1515 0.0939 0.2731 0.0098 0.4717]]

   [[0.1995 0.2233 0.3836 0.0238 0.1698]
    [0.2597 0.5157 0.0787 0.1361 0.0099]
    [0.4076 0.0151 0.1450 0.3906 0.0417]]

   [[0.0559 0.2265 0.0643 0.1732 0.4801]
    [0.6512 0.1610 0.1180 0.0075 0.0623]
    [0.3298 0.0750 0.1832 0.2193 0.1928]]]


  [[[0.2205 0.2683 0.1922 0.2800 0.0391]
    [0.2193 0.0444 0.6116 0.1135 0.0112]
    [0.1765 0.2586 0.3252 0.1085 0.1312]]

   [[0.2105 0.0895 0.0249 0.3426 0.3325]
    [0.4710 0.0602 0.1024 0.0544 0.3121]
    [0.1479 0.0810 0.1221 0.0823 0.5668]]

   [[0.4111 0.1716 0.0559 0.1562 0.2052]
    [0.1158 0.2198 0.1962 0.0837 0.3845]
    [0.5830 0.2056 0.0453 0.1154 0.0507]]]]



 [[[[0.5001 0.2103 0.1036 0.1310 0.0551]
    [0.1929 0.3214 0.3866 0.0620 0.0370]
    [0.2927 0.1693 0.2393 0.1312 0.1675]]

   [[0.2198 0.3049 0.0653 0.0794 0.3306]
    [0.5210 0.1525 0.1662 0.0317 0.1287]
    [0.0750 0.4358 0.0546 0.0751 0.3595]]

   [[0.1312 0.2668 0.0683 0.0372 0.4965]
    [0.0708 0.2718 0.0314 0.1414 0.4846]
    [0.2620 0.0507 0.1171 0.1564 0.4139]]]


  [[[0.1485 0.0682 0.2440 0.3542 0.1852]
    [0.1796 0.3735 0.0276 0.3122 0.1071]
    [0.0508 0.4249 0.0932 0.0298 0.4013]]

   [[0.1251 0.0361 0.0834 0.0468 0.7086]
    [0.4798 0.1346 0.1029 0.2316 0.0511]
    [0.0955 0.0536 0.0473 0.0592 0.7444]]

   [[0.6544 0.1553 0.0291 0.1490 0.0123]
    [0.0519 0.2070 0.3366 0.0479 0.3566]
    [0.1642 0.1881 0.2800 0.2803 0.0875]]]


  [[[0.0433 0.0977 0.5127 0.0253 0.3212]
    [0.3738 0.0789 0.1267 0.2609 0.1597]
    [0.0562 0.2553 0.2848 0.3026 0.1010]]

   [[0.1293 0.0639 0.1596 0.0345 0.6126]
    [0.3097 0.1251 0.3162 0.0685 0.1804]
    [0.0090 0.1501 0.0067 0.0056 0.8285]]

   [[0.1887 0.0746 0.6645 0.0220 0.0502]
    [0.2379 0.5216 0.0456 0.1334 0.0614]
    [0.7282 0.0303 0.0805 0.0858 0.0752]]]]



 [[[[0.5197 0.0597 0.0562 0.0336 0.3308]
    [0.1415 0.1350 0.0483 0.6344 0.0408]
    [0.0108 0.1152 0.6552 0.0783 0.1405]]

   [[0.1254 0.1745 0.1887 0.1051 0.4062]
    [0.1052 0.0745 0.0555 0.1042 0.6606]
    [0.0280 0.3490 0.0593 0.0763 0.4875]]

   [[0.0344 0.0742 0.2341 0.2090 0.4482]
    [0.1470 0.2086 0.1363 0.1882 0.3198]
    [0.0765 0.4107 0.0884 0.3109 0.1135]]]


  [[[0.0390 0.2730 0.1162 0.5059 0.0659]
    [0.3793 0.0626 0.3127 0.1904 0.0551]
    [0.2492 0.2863 0.0281 0.2793 0.1571]]

   [[0.3689 0.1068 0.0950 0.2477 0.1815]
    [0.1721 0.0846 0.1124 0.4608 0.1701]
    [0.1176 0.1987 0.2759 0.0319 0.3760]]

   [[0.1924 0.1283 0.2759 0.1302 0.2732]
