cpt: y | 
[0.7827 0.2173]

cpt: x | 
[0.7701 0.2299]

cpt1: z1 | x y
[[[0.0300 0.0275 0.9425]
  [0.0259 0.4779 0.4962]]

 [[0.8290 0.1464 0.0245]
  [0.0105 0.0040 0.9855]]]

cpt2: z1 | x y
[[[0.0207 0.9604 0.0189]
  [0.1615 0.5668 0.2718]]

 [[0.6742 0.3093 0.0165]
  [0.0938 0.0258 0.8804]]]

cpt3: z1 | x y
[[[0.0015 0.9963 0.0022]
  [0.0545 0.6302 0.3153]]

 [[0.3604 0.4849 0.1547]
  [0.1071 0.0385 0.8544]]]

cpt1: z2 | z1
[[0.0293 0.3931 0.5775]
 [0.0304 0.3711 0.5985]
 [0.0897 0.8134 0.0970]]

cpt2: z2 | z1
[[0.3122 0.4491 0.2386]
 [0.0138 0.9664 0.0197]
 [0.1498 0.7641 0.0861]]

cpt3: z2 | z1
[[0.1067 0.1112 0.7821]
 [0.0034 0.0339 0.9626]
 [0.1957 0.3869 0.4174]]

cpt1: z3 | z2
[[0.0225 0.0130 0.9645]
 [0.0278 0.6025 0.3697]
 [0.1010 0.8939 0.0051]]

cpt2: z3 | z2
[[0.2773 0.5655 0.1572]
 [0.0119 0.9304 0.0578]
 [0.8259 0.1112 0.0629]]

cpt3: z3 | z2
[[0.0857 0.9111 0.0032]
 [0.1398 0.4221 0.4381]
 [0.7184 0.1131 0.1685]]

cpt1: z4 | z3
[[0.0051 0.0089 0.9860]
 [0.0085 0.9576 0.0340]
 [0.6743 0.2316 0.0940]]

cpt2: z4 | z3
[[0.0754 0.1214 0.8032]
 [0.0188 0.8351 0.1461]
 [0.2520 0.4807 0.2672]]

cpt3: z4 | z3
[[0.6591 0.1640 0.1770]
 [0.0011 0.0102 0.9888]
 [0.3474 0.5957 0.0569]]

cpt1: z5 | z4
[[0.1080 0.6348 0.2571]
 [0.0031 0.0865 0.9104]
 [0.2487 0.6628 0.0885]]

cpt2: z5 | z4
[[0.1282 0.4893 0.3825]
 [0.1265 0.7699 0.1036]
 [0.4321 0.4254 0.1425]]

cpt3: z5 | z4
[[0.1201 0.3157 0.5642]
 [0.0306 0.2308 0.7386]
 [0.7673 0.2091 0.0235]]

cpt1: z6 | z5
[[0.0030 0.9698 0.0272]
 [0.0185 0.4788 0.5027]
 [0.0009 0.9975 0.0016]]

cpt2: z6 | z5
[[0.0075 0.9532 0.0394]
 [0.0182 0.6757 0.3061]
 [0.4713 0.3550 0.1737]]

cpt3: z6 | z5
[[0.0021 0.0057 0.9922]
 [0.0001 0.8633 0.1365]
 [0.8048 0.0574 0.1378]]

cpt1: z7 | z6
[[0.0870 0.8972 0.0158]
 [0.0104 0.9841 0.0056]
 [0.0006 0.9930 0.0064]]

cpt2: z7 | z6
[[0.0043 0.9729 0.0228]
 [0.0196 0.9493 0.0312]
 [0.5728 0.0728 0.3544]]

cpt3: z7 | z6
[[0.1003 0.8983 0.0015]
 [0.0000 0.3523 0.6477]
 [0.8809 0.1081 0.0110]]

cpt1: z | z7
[[0.9901 0.0099]
 [0.0000 1.0000]
 [0.0355 0.9645]]

cpt2: z | z7
[[0.0165 0.9835]
 [0.0588 0.9412]
 [0.0278 0.9722]]

cpt3: z | z7
[[0.0005 0.9995]
 [0.9759 0.0241]
 [0.0007 0.9993]]

