cpt: v2 | v0
[[0.8700 0.0353 0.0947]
 [0.5431 0.0555 0.4014]
 [0.0435 0.6901 0.2664]]

cpt: v0 | 
[0.9452 0.0258 0.0290]

cpt1: v4 | v2
[[0.4270 0.0426 0.5304]
 [0.2809 0.0620 0.6571]
 [0.1005 0.4264 0.4731]]

cpt2: v4 | v2
[[0.7224 0.1608 0.1168]
 [0.0726 0.0111 0.9163]
 [0.0705 0.3153 0.6142]]

cpt3: v4 | v2
[[0.2697 0.6508 0.0795]
 [0.3437 0.1136 0.5428]
 [0.0656 0.5121 0.4223]]

cpt4: v4 | v2
[[0.2892 0.7062 0.0046]
 [0.0171 0.6501 0.3328]
 [0.0000 0.0001 0.9999]]

cpt5: v4 | v2
[[0.6743 0.2846 0.0412]
 [0.0137 0.1266 0.8598]
 [0.0109 0.0041 0.9850]]

cpt6: v4 | v2
[[0.9104 0.0527 0.0369]
 [0.0111 0.6655 0.3233]
 [0.0246 0.0047 0.9707]]

cpt7: v4 | v2
[[0.6111 0.3763 0.0125]
 [0.0322 0.2122 0.7556]
 [0.0537 0.0360 0.9103]]

cpt8: v4 | v2
[[0.7770 0.1910 0.0320]
 [0.0654 0.1017 0.8329]
 [0.0419 0.0128 0.9453]]

cpt9: v4 | v2
[[0.6249 0.3175 0.0576]
 [0.1005 0.0334 0.8661]
 [0.0432 0.1089 0.8480]]

cpt10: v4 | v2
[[0.9794 0.0201 0.0005]
 [0.1081 0.5832 0.3087]
 [0.0458 0.1850 0.7692]]

thres1: v4 | v2
[0.2125 0.1240 0.0229]

thres2: v4 | v2
[0.2300 0.4496 0.1355]

thres3: v4 | v2
[0.2449 0.5168 0.1653]

thres4: v4 | v2
[0.4302 0.5561 0.5059]

thres5: v4 | v2
[0.4420 0.6237 0.5150]

thres6: v4 | v2
[0.4740 0.6496 0.5317]

thres7: v4 | v2
[0.6139 0.6521 0.5438]

thres8: v4 | v2
[0.6367 0.6728 0.6144]

thres9: v4 | v2
[0.6721 0.6771 0.6861]

cpt1: v5 | v2
[[0.8886 0.0912 0.0202]
 [0.0029 0.0086 0.9886]
 [0.0038 0.0085 0.9877]]

cpt2: v5 | v2
[[0.9151 0.0692 0.0157]
 [0.0192 0.1745 0.8063]
 [0.0098 0.0115 0.9786]]

cpt3: v5 | v2
[[0.9606 0.0301 0.0092]
 [0.0743 0.0540 0.8718]
 [0.2529 0.1908 0.5563]]

cpt4: v5 | v2
[[0.9334 0.0540 0.0126]
 [0.0079 0.9801 0.0120]
 [0.1045 0.3177 0.5778]]

cpt5: v5 | v2
[[0.9609 0.0289 0.0102]
 [0.1292 0.3333 0.5375]
 [0.3617 0.2039 0.4344]]

cpt6: v5 | v2
[[0.9692 0.0210 0.0098]
 [0.0818 0.8565 0.0617]
 [0.3334 0.2627 0.4038]]

cpt7: v5 | v2
[[0.9422 0.0353 0.0225]
 [0.0043 0.7041 0.2916]
 [0.1899 0.2692 0.5410]]

cpt8: v5 | v2
[[0.9273 0.0477 0.0250]
 [0.0119 0.9217 0.0664]
 [0.1185 0.2240 0.6574]]

cpt9: v5 | v2
[[0.8750 0.0910 0.0340]
 [0.0179 0.6828 0.2992]
 [0.0822 0.2396 0.6782]]

cpt10: v5 | v2
[[0.5215 0.4698 0.0087]
 [0.0324 0.4266 0.5409]
 [0.0940 0.3021 0.6038]]

thres1: v5 | v2
[0.7485 0.0214 0.0069]

thres2: v5 | v2
[0.7523 0.0707 0.1258]

thres3: v5 | v2
[0.7547 0.1035 0.7524]

thres4: v5 | v2
[0.7726 0.1741 0.7756]

thres5: v5 | v2
[0.7739 0.2403 0.7763]

thres6: v5 | v2
[0.7773 0.4593 0.7779]

thres7: v5 | v2
[0.7904 0.5222 0.7794]

thres8: v5 | v2
[0.7962 0.6301 0.7843]

thres9: v5 | v2
[0.8057 0.6684 0.7894]

cpt1: v6 | v2
[[0.9992 0.0005 0.0003]
 [0.9969 0.0019 0.0013]
 [0.0048 0.0885 0.9067]]

cpt2: v6 | v2
[[0.9965 0.0021 0.0014]
 [0.9915 0.0060 0.0025]
 [0.0236 0.6222 0.3541]]

cpt3: v6 | v2
[[0.9966 0.0022 0.0012]
 [0.0268 0.3268 0.6464]
 [0.0055 0.9538 0.0407]]

cpt4: v6 | v2
[[0.9924 0.0048 0.0028]
 [0.0121 0.4652 0.5227]
 [0.0054 0.0934 0.9012]]

cpt5: v6 | v2
[[0.9745 0.0157 0.0097]
 [0.0056 0.9614 0.0329]
 [0.0021 0.7653 0.2325]]

cpt6: v6 | v2
[[0.9666 0.0179 0.0155]
 [0.5748 0.2325 0.1927]
 [0.0034 0.2186 0.7780]]

cpt7: v6 | v2
[[0.8814 0.0686 0.0500]
 [0.5851 0.0957 0.3192]
 [0.0145 0.3058 0.6797]]

cpt8: v6 | v2
[[0.9160 0.0415 0.0425]
 [0.1591 0.4559 0.3850]
 [0.0868 0.2355 0.6776]]

cpt9: v6 | v2
[[0.9889 0.0065 0.0047]
 [0.6258 0.0919 0.2823]
 [0.0006 0.0052 0.9942]]

cpt10: v6 | v2
[[0.9207 0.0425 0.0368]
 [0.7472 0.1323 0.1205]
 [0.0064 0.0566 0.9371]]

thres1: v6 | v2
[0.2047 0.0177 0.0014]

thres2: v6 | v2
[0.2362 0.0595 0.0067]

thres3: v6 | v2
[0.2479 0.0809 0.0689]

thres4: v6 | v2
[0.4198 0.1068 0.2015]

thres5: v6 | v2
[0.4238 0.2516 0.2142]

thres6: v6 | v2
[0.4329 0.5142 0.2483]

thres7: v6 | v2
[0.4772 0.5329 0.3660]

thres8: v6 | v2
[0.5393 0.5860 0.5121]

thres9: v6 | v2
[0.6739 0.6786 0.6789]

cpt1: v8 | v6
[[0.9970 0.0024 0.0006]
 [0.2607 0.6082 0.1311]
 [0.0035 0.0245 0.9720]]

cpt2: v8 | v6
[[0.9939 0.0042 0.0020]
 [0.8715 0.0892 0.0393]
 [0.0097 0.0792 0.9111]]

cpt3: v8 | v6
[[0.9949 0.0026 0.0025]
 [0.9211 0.0630 0.0159]
 [0.0020 0.9918 0.0061]]

cpt4: v8 | v6
[[0.8806 0.0453 0.0741]
 [0.0325 0.8375 0.1300]
 [0.0288 0.5721 0.3991]]

cpt5: v8 | v6
[[0.9680 0.0202 0.0118]
 [0.0972 0.4566 0.4462]
 [0.0209 0.6206 0.3585]]

cpt6: v8 | v6
[[0.9714 0.0206 0.0080]
 [0.3875 0.3267 0.2858]
 [0.0064 0.1254 0.8682]]

cpt7: v8 | v6
[[0.9602 0.0320 0.0078]
 [0.1370 0.4538 0.4092]
 [0.0086 0.1383 0.8531]]

cpt8: v8 | v6
[[0.2542 0.6046 0.1411]
 [0.1302 0.4520 0.4178]
 [0.0331 0.5666 0.4004]]

cpt9: v8 | v6
[[0.6444 0.2736 0.0821]
 [0.1302 0.4520 0.4178]
 [0.0482 0.4367 0.5151]]

cpt10: v8 | v6
[[0.9606 0.0252 0.0142]
 [0.1302 0.4520 0.4178]
 [0.1558 0.3649 0.4793]]

thres1: v8 | v6
[0.8116 0.0053 0.0152]

thres2: v8 | v6
[0.8271 0.0245 0.0686]

thres3: v8 | v6
[0.8287 0.0645 0.3246]

thres4: v8 | v6
[0.8379 0.5559 0.5118]

thres5: v8 | v6
[0.8380 0.6585 0.5262]

thres6: v8 | v6
[0.8385 0.6792 0.5542]

thres7: v8 | v6
[0.8404 0.6832 0.5722]

thres8: v8 | v6
[0.8425 0.7097 0.6112]

thres9: v8 | v6
[0.8448 0.7159 0.6728]

cpt1: v9 | v8
[[0.9588 0.0316 0.0096]
 [0.0085 0.7748 0.2167]
 [0.0078 0.9811 0.0112]]

cpt2: v9 | v8
[[0.9957 0.0014 0.0029]
 [0.0458 0.5839 0.3703]
 [0.0296 0.0344 0.9360]]

cpt3: v9 | v8
[[0.9899 0.0051 0.0050]
 [0.6364 0.1922 0.1714]
 [0.0211 0.8999 0.0790]]

cpt4: v9 | v8
[[0.9973 0.0024 0.0003]
 [0.0340 0.4163 0.5497]
 [0.0544 0.0625 0.8831]]

cpt5: v9 | v8
[[0.9991 0.0008 0.0002]
 [0.3147 0.6602 0.0252]
 [0.2655 0.4238 0.3107]]

cpt6: v9 | v8
[[0.9979 0.0017 0.0003]
 [0.4886 0.3452 0.1662]
 [0.1025 0.1528 0.7447]]

cpt7: v9 | v8
[[0.9800 0.0174 0.0025]
 [0.0263 0.9295 0.0442]
 [0.0459 0.1376 0.8164]]

cpt8: v9 | v8
[[0.9601 0.0273 0.0126]
 [0.0208 0.9239 0.0553]
 [0.0311 0.1629 0.8061]]

cpt9: v9 | v8
[[0.8899 0.0797 0.0304]
 [0.4383 0.3551 0.2067]
 [0.0078 0.8489 0.1433]]

cpt10: v9 | v8
[[0.9321 0.0425 0.0254]
 [0.0754 0.7898 0.1348]
 [0.0275 0.8381 0.1343]]

thres1: v9 | v8
[0.7091 0.0078 0.0201]

thres2: v9 | v8
[0.7119 0.0316 0.1491]

thres3: v9 | v8
[0.7132 0.0525 0.2427]

thres4: v9 | v8
[0.7844 0.1354 0.7319]

thres5: v9 | v8
[0.7847 0.6447 0.7332]

thres6: v9 | v8
[0.7853 0.6592 0.7356]

thres7: v9 | v8
[0.7874 0.6657 0.7381]

thres8: v9 | v8
[0.7886 0.7241 0.7457]

thres9: v9 | v8
[0.7905 0.7339 0.7559]

cpt1: v10 | v9
[[0.9434 0.0274 0.0292]
 [0.0020 0.8229 0.1751]
 [0.0002 0.9992 0.0005]]

cpt2: v10 | v9
[[0.7893 0.1729 0.0378]
 [0.0066 0.9542 0.0392]
 [0.1230 0.7562 0.1208]]

cpt3: v10 | v9
[[0.4595 0.4542 0.0863]
 [0.4118 0.5876 0.0007]
 [0.0125 0.1919 0.7956]]

cpt4: v10 | v9
[[0.9641 0.0184 0.0175]
 [0.0412 0.9516 0.0071]
 [0.0522 0.3137 0.6341]]

cpt5: v10 | v9
[[0.8345 0.0995 0.0660]
 [0.1234 0.4732 0.4034]
 [0.3650 0.2905 0.3445]]

cpt6: v10 | v9
[[0.6468 0.2190 0.1342]
 [0.0175 0.4927 0.4899]
 [0.0818 0.5219 0.3963]]

cpt7: v10 | v9
[[0.9107 0.0740 0.0152]
 [0.2018 0.6788 0.1194]
 [0.0143 0.1188 0.8669]]

cpt8: v10 | v9
[[0.6560 0.3175 0.0265]
 [0.0778 0.2017 0.7205]
 [0.0169 0.1043 0.8788]]

cpt9: v10 | v9
[[0.5703 0.2295 0.2002]
 [0.0995 0.3636 0.5369]
 [0.0383 0.2990 0.6628]]

cpt10: v10 | v9
[[0.7451 0.2478 0.0072]
 [0.1388 0.2415 0.6197]
 [0.0384 0.3018 0.6598]]

thres1: v10 | v9
[0.0876 0.0323 0.0425]

thres2: v10 | v9
[0.1074 0.1209 0.1664]

thres3: v10 | v9
[0.1196 0.2065 0.5588]

thres4: v10 | v9
[0.1778 0.2433 0.6505]

thres5: v10 | v9
[0.1850 0.3972 0.6527]

thres6: v10 | v9
[0.2064 0.5164 0.6581]

thres7: v10 | v9
[0.2751 0.5326 0.6637]

thres8: v10 | v9
[0.5118 0.6459 0.6819]

thres9: v10 | v9
[0.6889 0.6655 0.7001]

