cpt: v4 | 
[0.2952 0.3501 0.3547]

cpt1: v5 | v4
[[0.7950 0.0706 0.1344]
 [0.8333 0.0123 0.1545]
 [0.0264 0.9507 0.0229]]

cpt2: v5 | v4
[[0.3625 0.4409 0.1966]
 [0.4399 0.2261 0.3340]
 [0.1496 0.6041 0.2463]]

thres1: v5 | v4
[0.4512 0.6605 0.3304]

thres2: v5 | v4
[0.7524 0.7758 0.7788]

cpt: v1 | 
[0.0524 0.6838 0.2637]

cpt1: v2 | v1 v4
[[[0.1714 0.6195 0.0718 0.1374]
  [0.4205 0.4667 0.0782 0.0345]
  [0.0221 0.8752 0.0864 0.0162]]

 [[0.5085 0.0210 0.0455 0.4251]
  [0.0760 0.7350 0.1663 0.0227]
  [0.0458 0.9120 0.0404 0.0018]]

 [[0.1867 0.3887 0.0555 0.3691]
  [0.3658 0.5350 0.0414 0.0578]
  [0.0922 0.8138 0.0908 0.0032]]]

cpt2: v2 | v1 v4
[[[0.2787 0.3389 0.1511 0.2314]
  [0.3897 0.2003 0.2959 0.1141]
  [0.1073 0.2203 0.1609 0.5114]]

 [[0.4554 0.0260 0.0578 0.4609]
  [0.0440 0.1617 0.7236 0.0707]
  [0.2487 0.5683 0.1074 0.0757]]

 [[0.2189 0.1687 0.0964 0.5161]
  [0.3574 0.2153 0.1835 0.2438]
  [0.4072 0.3135 0.1660 0.1132]]]

thres1: v2 | v1 v4
[[0.4512 0.6605 0.3276]
 [0.8363 0.2137 0.3044]
 [0.5647 0.6241 0.5650]]

thres2: v2 | v1 v4
[[0.7524 0.7758 0.7797]
 [0.8631 0.8320 0.7883]
 [0.7542 0.7654 0.7542]]

cpt1: v3 | v4
[[0.8568 0.0448 0.0984]
 [0.4001 0.0841 0.5158]
 [0.0352 0.8877 0.0771]]

cpt2: v3 | v4
[[0.3625 0.4409 0.1966]
 [0.4399 0.2261 0.3340]
 [0.0415 0.5818 0.3768]]

thres1: v3 | v4
[0.4512 0.6605 0.4986]

thres2: v3 | v4
[0.7524 0.7758 0.7500]

cpt1: v0 | v5
[[0.0225 0.9242 0.0533]
 [0.8131 0.0224 0.1645]
 [0.0499 0.7489 0.2012]]

cpt2: v0 | v5
[[0.1385 0.6850 0.1766]
 [0.6010 0.0863 0.3127]
 [0.2197 0.4509 0.3294]]

thres1: v0 | v5
[0.2430 0.5383 0.3276]

thres2: v0 | v5
[0.8160 0.7515 0.7797]

