cpt: v4 | 
[0.1523 0.6599 0.1878]

cpt1: v5 | v4
[[0.9344 0.0479 0.0177]
 [0.5091 0.3904 0.1005]
 [0.0312 0.0716 0.8972]]

cpt2: v5 | v4
[[0.5243 0.3920 0.0837]
 [0.1796 0.7122 0.1082]
 [0.1171 0.3661 0.5168]]

cpt3: v5 | v4
[[0.5243 0.3920 0.0837]
 [0.3079 0.5454 0.1467]
 [0.1171 0.3661 0.5168]]

thres1: v5 | v4
[0.5243 0.3283 0.1171]

thres2: v5 | v4
[0.7108 0.7101 0.4404]

thres3: v5 | v4
[0.7350 0.7400 0.7296]

cpt: v1 | 
[0.1884 0.7399 0.0717]

cpt1: v2 | v1 v4
[[[0.3489 0.5442 0.0337 0.0732]
  [0.0609 0.8420 0.0938 0.0033]
  [0.2488 0.4538 0.2958 0.0017]]

 [[0.1437 0.3368 0.0909 0.4286]
  [0.0415 0.9157 0.0420 0.0007]
  [0.8413 0.0490 0.1089 0.0008]]

 [[0.0135 0.0275 0.0393 0.9196]
  [0.0205 0.9512 0.0248 0.0034]
  [0.0691 0.8462 0.0842 0.0006]]]

cpt2: v2 | v1 v4
[[[0.4999 0.3738 0.0798 0.0465]
  [0.2656 0.5657 0.1371 0.0317]
  [0.0962 0.3006 0.4242 0.1791]]

 [[0.1902 0.3052 0.2768 0.2278]
  [0.1961 0.7469 0.0482 0.0087]
  [0.2359 0.1024 0.4833 0.1785]]

 [[0.0325 0.0582 0.1547 0.7546]
  [0.1377 0.7493 0.0546 0.0584]
  [0.0545 0.5845 0.1965 0.1644]]]

cpt3: v2 | v1 v4
[[[0.4999 0.3738 0.0798 0.0465]
  [0.2656 0.5657 0.1371 0.0317]
  [0.0962 0.3006 0.4242 0.1791]]

 [[0.1902 0.3052 0.2768 0.2278]
  [0.2598 0.6687 0.0611 0.0105]
  [0.2359 0.1024 0.4833 0.1785]]

 [[0.0325 0.0582 0.1547 0.7546]
  [0.1377 0.7493 0.0546 0.0584]
  [0.0545 0.5845 0.1965 0.1644]]]

thres1: v2 | v1 v4
[[0.5243 0.2742 0.1171]
 [0.2463 0.4219 0.2871]
 [0.1322 0.1462 0.0653]]

thres2: v2 | v1 v4
[[0.7108 0.6982 0.4404]
 [0.5441 0.7284 0.3760]
 [0.3381 0.8256 0.7191]]

thres3: v2 | v1 v4
[[0.7350 0.7409 0.7296]
 [0.7076 0.7414 0.7431]
 [0.7554 0.8357 0.7852]]

cpt1: v3 | v4
[[0.9459 0.0217 0.0323]
 [0.1228 0.8115 0.0656]
 [0.4860 0.2625 0.2515]]

cpt2: v3 | v4
[[0.5243 0.3920 0.0837]
 [0.0010 0.9275 0.0715]
 [0.1171 0.3661 0.5168]]

cpt3: v3 | v4
[[0.5243 0.3920 0.0837]
 [0.2034 0.6860 0.1106]
 [0.1171 0.3661 0.5168]]

thres1: v3 | v4
[0.5243 0.3116 0.1171]

thres2: v3 | v4
[0.7108 0.6984 0.4404]

thres3: v3 | v4
[0.7350 0.7366 0.7296]

cpt1: v0 | v5
[[0.9406 0.0262 0.0332]
 [0.2473 0.0742 0.6785]
 [0.0096 0.9225 0.0679]]

cpt2: v0 | v5
[[0.5243 0.3920 0.0837]
 [0.5646 0.0675 0.3679]
 [0.0865 0.7818 0.1317]]

cpt3: v0 | v5
[[0.5243 0.3920 0.0837]
 [0.5212 0.2981 0.1807]
 [0.0916 0.5781 0.3302]]

thres1: v0 | v5
[0.5243 0.2196 0.0722]

thres2: v0 | v5
[0.7108 0.7804 0.3629]

thres3: v0 | v5
[0.7350 0.7939 0.7544]

