cpt: v4 | 
[0.3127 0.1835 0.5038]

cpt1: v5 | v4
[[0.0510 0.5532 0.3958]
 [0.1412 0.8428 0.0160]
 [0.2819 0.1855 0.5326]]

cpt2: v5 | v4
[[0.0119 0.2075 0.7806]
 [0.8980 0.0426 0.0594]
 [0.2819 0.1855 0.5326]]

cpt3: v5 | v4
[[0.0881 0.3982 0.5137]
 [0.8540 0.0677 0.0783]
 [0.2735 0.0114 0.7151]]

cpt4: v5 | v4
[[0.0881 0.3982 0.5137]
 [0.8540 0.0677 0.0783]
 [0.2762 0.1533 0.5705]]

thres1: v5 | v4
[0.0457 0.6058 0.1960]

thres2: v5 | v4
[0.2343 0.6406 0.2945]

thres3: v5 | v4
[0.7232 0.6676 0.5663]

thres4: v5 | v4
[0.7559 0.7443 0.6948]

cpt: v1 | 
[0.0263 0.1263 0.8474]

cpt1: v2 | v1 v4
[[[0.0190 0.7979 0.1809 0.0022]
  [0.1668 0.3702 0.0315 0.4314]
  [0.2668 0.4243 0.2655 0.0433]]

 [[0.2841 0.3723 0.3413 0.0023]
  [0.0383 0.1316 0.2018 0.6283]
  [0.0109 0.9429 0.0409 0.0054]]

 [[0.0088 0.9722 0.0178 0.0011]
  [0.0717 0.4601 0.0188 0.4493]
  [0.6472 0.2245 0.1164 0.0120]]]

cpt2: v2 | v1 v4
[[[0.0796 0.3602 0.4647 0.0955]
  [0.6708 0.0626 0.0652 0.2014]
  [0.1462 0.0962 0.2762 0.4815]]

 [[0.6666 0.1622 0.1087 0.0625]
  [0.0906 0.1895 0.3981 0.3218]
  [0.0407 0.5193 0.2825 0.1575]]

 [[0.0989 0.6410 0.1123 0.1478]
  [0.2976 0.1154 0.0642 0.5228]
  [0.5625 0.0884 0.1678 0.1813]]]

cpt3: v2 | v1 v4
[[[0.0796 0.3602 0.4647 0.0955]
  [0.6912 0.0548 0.0634 0.1906]
  [0.1462 0.0962 0.2762 0.4815]]

 [[0.7849 0.0753 0.0820 0.0579]
  [0.0822 0.0667 0.5702 0.2809]
  [0.0407 0.5193 0.2825 0.1575]]

 [[0.0989 0.6410 0.1123 0.1478]
  [0.2976 0.1154 0.0642 0.5228]
  [0.5619 0.0884 0.1677 0.1819]]]

cpt4: v2 | v1 v4
[[[0.0796 0.3602 0.4647 0.0955]
  [0.6912 0.0548 0.0634 0.1906]
  [0.1462 0.0962 0.2762 0.4815]]

 [[0.7850 0.0753 0.0819 0.0578]
  [0.0822 0.0667 0.5702 0.2809]
  [0.0407 0.5193 0.2825 0.1575]]

 [[0.0989 0.6410 0.1123 0.1478]
  [0.2976 0.1154 0.0642 0.5228]
  [0.5619 0.0884 0.1677 0.1819]]]

thres1: v2 | v1 v4
[[0.0796 0.6212 0.1462]
 [0.6554 0.1217 0.0407]
 [0.0989 0.2976 0.5878]]

thres2: v2 | v1 v4
[[0.4111 0.6504 0.2283]
 [0.7053 0.2083 0.5389]
 [0.6765 0.3787 0.6238]]

thres3: v2 | v1 v4
[[0.6848 0.6762 0.4414]
 [0.7402 0.6216 0.6692]
 [0.7128 0.4186 0.6825]]

thres4: v2 | v1 v4
[[0.7149 0.7500 0.7104]
 [0.7613 0.7191 0.7213]
 [0.7553 0.7225 0.7361]]

cpt1: v3 | v4
[[0.0075 0.6639 0.3286]
 [0.9760 0.0004 0.0236]
 [0.2819 0.1855 0.5326]]

cpt2: v3 | v4
[[0.0340 0.5062 0.4599]
 [0.9138 0.0286 0.0576]
 [0.2819 0.1855 0.5326]]

cpt3: v3 | v4
[[0.0881 0.3982 0.5137]
 [0.8540 0.0677 0.0783]
 [0.4609 0.0382 0.5008]]

cpt4: v3 | v4
[[0.0881 0.3982 0.5137]
 [0.8540 0.0677 0.0783]
 [0.2908 0.1254 0.5838]]

thres1: v3 | v4
[0.1460 0.5834 0.1995]

thres2: v3 | v4
[0.7037 0.6209 0.3021]

thres3: v3 | v4
[0.7531 0.6503 0.5692]

thres4: v3 | v4
[0.7616 0.7374 0.6940]

cpt1: v0 | v5
[[0.0086 0.7798 0.2116]
 [0.9073 0.0255 0.0671]
 [0.2759 0.1845 0.5396]]

cpt2: v0 | v5
[[0.0437 0.6322 0.3241]
 [0.8551 0.0707 0.0742]
 [0.0392 0.1965 0.7643]]

cpt3: v0 | v5
[[0.2130 0.4665 0.3205]
 [0.8540 0.0677 0.0783]
 [0.0108 0.4658 0.5234]]

cpt4: v0 | v5
[[0.6180 0.2761 0.1058]
 [0.8540 0.0677 0.0783]
 [0.0723 0.0810 0.8467]]

thres1: v0 | v5
[0.0937 0.5876 0.0693]

thres2: v0 | v5
[0.5870 0.6242 0.1124]

thres3: v0 | v5
[0.6834 0.6534 0.2357]

thres4: v0 | v5
[0.7241 0.7386 0.8055]

