cpt: v4 | 
[0.4390 0.4118 0.1492]

cpt1: v5 | v4
[[0.1580 0.2920 0.5500]
 [0.2036 0.4850 0.3115]
 [0.4615 0.1492 0.3893]]

cpt2: v5 | v4
[[0.2964 0.3971 0.3065]
 [0.2181 0.4788 0.3031]
 [0.6085 0.1444 0.2470]]

cpt3: v5 | v4
[[0.2616 0.5165 0.2219]
 [0.4450 0.4844 0.0706]
 [0.7119 0.1384 0.1497]]

cpt4: v5 | v4
[[0.2616 0.5165 0.2219]
 [0.2036 0.4850 0.3115]
 [0.4615 0.1492 0.3893]]

cpt5: v5 | v4
[[0.2616 0.5165 0.2219]
 [0.2036 0.4850 0.3115]
 [0.4615 0.1492 0.3893]]

thres1: v5 | v4
[0.2644 0.0953 0.0719]

thres2: v5 | v4
[0.6514 0.2962 0.0935]

thres3: v5 | v4
[0.6890 0.4483 0.1484]

thres4: v5 | v4
[0.7084 0.5621 0.4458]

thres5: v5 | v4
[0.7198 0.6761 0.7202]

cpt: v1 | 
[0.2260 0.5737 0.2004]

cpt1: v2 | v1 v4
[[[0.0429 0.9094 0.0336 0.0141]
  [0.0792 0.7685 0.0805 0.0718]
  [0.3424 0.0823 0.0713 0.5040]]

 [[0.0047 0.9669 0.0124 0.0159]
  [0.2143 0.2235 0.2188 0.3434]
  [0.2514 0.5683 0.1098 0.0704]]

 [[0.1675 0.6635 0.1572 0.0118]
  [0.0115 0.9681 0.0101 0.0103]
  [0.4506 0.2342 0.1037 0.2116]]]

cpt2: v2 | v1 v4
[[[0.2319 0.4580 0.1968 0.1133]
  [0.1586 0.3779 0.2427 0.2207]
  [0.2196 0.0710 0.1852 0.5241]]

 [[0.0381 0.6747 0.1053 0.1819]
  [0.3307 0.4034 0.1059 0.1600]
  [0.1609 0.4554 0.2987 0.0849]]

 [[0.2524 0.1754 0.5092 0.0631]
  [0.0507 0.8490 0.0493 0.0510]
  [0.2596 0.1956 0.2970 0.2478]]]

cpt3: v2 | v1 v4
[[[0.2319 0.4580 0.1968 0.1133]
  [0.1586 0.3779 0.2427 0.2207]
  [0.2196 0.0710 0.1852 0.5241]]

 [[0.0381 0.6747 0.1053 0.1819]
  [0.1627 0.1555 0.2600 0.4218]
  [0.1609 0.4554 0.2987 0.0849]]

 [[0.2524 0.1754 0.5092 0.0631]
  [0.0507 0.8490 0.0493 0.0510]
  [0.2596 0.1956 0.2970 0.2478]]]

cpt4: v2 | v1 v4
[[[0.2319 0.4580 0.1968 0.1133]
  [0.1586 0.3779 0.2427 0.2207]
  [0.2196 0.0710 0.1852 0.5241]]

 [[0.0381 0.6747 0.1053 0.1819]
  [0.1627 0.1555 0.2600 0.4218]
  [0.1609 0.4554 0.2987 0.0849]]

 [[0.2524 0.1754 0.5092 0.0631]
  [0.0507 0.8490 0.0493 0.0510]
  [0.2596 0.1956 0.2970 0.2478]]]

cpt5: v2 | v1 v4
[[[0.2319 0.4580 0.1968 0.1133]
  [0.1586 0.3779 0.2427 0.2207]
  [0.2196 0.0710 0.1852 0.5241]]

 [[0.0381 0.6747 0.1053 0.1819]
  [0.1627 0.1555 0.2600 0.4218]
  [0.1609 0.4554 0.2987 0.0849]]

 [[0.2524 0.1754 0.5092 0.0631]
  [0.0507 0.8490 0.0493 0.0510]
  [0.2596 0.1956 0.2970 0.2478]]]

thres1: v2 | v1 v4
[[0.2165 0.1242 0.1260]
 [0.0302 0.1021 0.1334]
 [0.2241 0.0480 0.0951]]

thres2: v2 | v1 v4
[[0.5515 0.3833 0.1616]
 [0.5489 0.1898 0.4605]
 [0.3449 0.8135 0.1599]]

thres3: v2 | v1 v4
[[0.6339 0.5005 0.2507]
 [0.5866 0.4239 0.5940]
 [0.6411 0.8222 0.2513]]

thres4: v2 | v1 v4
[[0.6726 0.5868 0.4761]
 [0.6462 0.6940 0.6226]
 [0.6612 0.8308 0.3193]]

thres5: v2 | v1 v4
[[0.6944 0.6765 0.6994]
 [0.7195 0.7070 0.6872]
 [0.6992 0.8398 0.7506]]

cpt1: v3 | v4
[[0.0355 0.9187 0.0458]
 [0.2036 0.4850 0.3115]
 [0.4615 0.1492 0.3893]]

cpt2: v3 | v4
[[0.1629 0.5954 0.2417]
 [0.2041 0.4832 0.3127]
 [0.4770 0.1313 0.3917]]

cpt3: v3 | v4
[[0.2616 0.5165 0.2219]
 [0.3458 0.0603 0.5939]
 [0.7446 0.0216 0.2338]]

cpt4: v3 | v4
[[0.2616 0.5165 0.2219]
 [0.2036 0.4850 0.3115]
 [0.4615 0.1492 0.3893]]

cpt5: v3 | v4
[[0.2616 0.5165 0.2219]
 [0.2036 0.4850 0.3115]
 [0.4615 0.1492 0.3893]]

thres1: v3 | v4
[0.2716 0.1053 0.0654]

thres2: v3 | v4
[0.6542 0.3037 0.0882]

thres3: v3 | v4
[0.6904 0.4416 0.1463]

thres4: v3 | v4
[0.7091 0.5576 0.4384]

thres5: v3 | v4
[0.7202 0.6758 0.7216]

cpt1: v0 | v5
[[0.0458 0.7700 0.1842]
 [0.2036 0.4850 0.3115]
 [0.5505 0.1329 0.3165]]

cpt2: v0 | v5
[[0.4307 0.2952 0.2740]
 [0.0767 0.6174 0.3059]
 [0.4074 0.2075 0.3851]]

cpt3: v0 | v5
[[0.2810 0.4945 0.2245]
 [0.1409 0.6697 0.1894]
 [0.6107 0.1104 0.2789]]

cpt4: v0 | v5
[[0.2616 0.5165 0.2219]
 [0.2036 0.4847 0.3116]
 [0.7345 0.0576 0.2080]]

cpt5: v0 | v5
[[0.2616 0.5165 0.2219]
 [0.2036 0.4850 0.3115]
 [0.5168 0.1048 0.3784]]

thres1: v0 | v5
[0.1849 0.1162 0.1503]

thres2: v0 | v5
[0.4935 0.3606 0.1894]

thres3: v0 | v5
[0.6082 0.5290 0.2800]

thres4: v0 | v5
[0.6587 0.6008 0.4931]

thres5: v0 | v5
[0.6864 0.6772 0.6938]

