cpt: v2 | 
[0.8328 0.1261 0.0411]

cpt1: v5 | v2
[[0.6482 0.2841 0.0678]
 [0.0289 0.9086 0.0625]
 [0.0849 0.0386 0.8765]]

cpt2: v5 | v2
[[0.6482 0.2841 0.0678]
 [0.1828 0.3431 0.4741]
 [0.0500 0.0448 0.9052]]

cpt3: v5 | v2
[[0.6482 0.2841 0.0678]
 [0.1203 0.3158 0.5638]
 [0.2801 0.0736 0.6463]]

cpt4: v5 | v2
[[0.7677 0.1875 0.0448]
 [0.1203 0.3158 0.5638]
 [0.2801 0.0736 0.6463]]

cpt5: v5 | v2
[[0.8483 0.1001 0.0516]
 [0.1203 0.3158 0.5638]
 [0.2801 0.0736 0.6463]]

cpt6: v5 | v2
[[0.8481 0.0999 0.0520]
 [0.1203 0.3158 0.5638]
 [0.2801 0.0736 0.6463]]

thres1: v5 | v2
[0.1662 0.0948 0.1019]

thres2: v5 | v2
[0.2280 0.3201 0.1090]

thres3: v5 | v2
[0.2419 0.6745 0.3541]

thres4: v5 | v2
[0.6689 0.6949 0.4247]

thres5: v5 | v2
[0.7037 0.7114 0.4411]

thres6: v5 | v2
[0.7254 0.7167 0.7078]

cpt: v3 | v6
[[0.3964 0.4393 0.1643]
 [0.0477 0.2500 0.7023]
 [0.8255 0.0088 0.1657]]

cpt1: v0 | v3
[[0.6976 0.2135 0.0889]
 [0.0151 0.0205 0.9643]
 [0.8700 0.0122 0.1178]]

cpt2: v0 | v3
[[0.4986 0.3927 0.1086]
 [0.1834 0.2750 0.5417]
 [0.2940 0.0888 0.6172]]

cpt3: v0 | v3
[[0.8919 0.0384 0.0697]
 [0.1203 0.3158 0.5638]
 [0.2857 0.0643 0.6500]]

cpt4: v0 | v3
[[0.8408 0.1134 0.0458]
 [0.1203 0.3158 0.5638]
 [0.6890 0.0395 0.2714]]

cpt5: v0 | v3
[[0.9324 0.0446 0.0230]
 [0.1203 0.3158 0.5638]
 [0.5134 0.0264 0.4602]]

cpt6: v0 | v3
[[0.9916 0.0042 0.0042]
 [0.1203 0.3158 0.5638]
 [0.1036 0.0241 0.8723]]

thres1: v0 | v3
[0.1066 0.2794 0.4979]

thres2: v0 | v3
[0.1486 0.6568 0.5756]

thres3: v0 | v3
[0.1667 0.7102 0.6365]

thres4: v0 | v3
[0.6057 0.7157 0.6526]

thres5: v0 | v3
[0.6846 0.7204 0.6587]

thres6: v0 | v3
[0.7156 0.7220 0.7072]

cpt1: v4 | v0
[[0.7502 0.2009 0.0488]
 [0.1168 0.4421 0.4411]
 [0.9655 0.0043 0.0303]]

cpt2: v4 | v0
[[0.8062 0.1557 0.0380]
 [0.0274 0.2502 0.7225]
 [0.5165 0.0828 0.4008]]

cpt3: v4 | v0
[[0.0419 0.0368 0.9213]
 [0.1203 0.3158 0.5638]
 [0.4293 0.1227 0.4480]]

cpt4: v4 | v0
[[0.8690 0.1189 0.0121]
 [0.1203 0.3158 0.5638]
 [0.5665 0.2325 0.2010]]

cpt5: v4 | v0
[[0.8344 0.1323 0.0333]
 [0.1203 0.3158 0.5638]
 [0.0580 0.0130 0.9291]]

cpt6: v4 | v0
[[0.9935 0.0050 0.0015]
 [0.1203 0.3158 0.5638]
 [0.3320 0.1187 0.5493]]

thres1: v4 | v0
[0.2424 0.1786 0.0393]

thres2: v4 | v0
[0.3651 0.5621 0.0501]

thres3: v4 | v0
[0.3905 0.6823 0.1302]

thres4: v4 | v0
[0.6117 0.6940 0.1646]

thres5: v4 | v0
[0.6575 0.7038 0.1915]

thres6: v4 | v0
[0.6831 0.7071 0.8330]

cpt1: v1 | v2 v4
[[[0.3301 0.6408 0.0290]
  [0.2218 0.6885 0.0897]
  [0.9772 0.0185 0.0044]]

 [[0.0562 0.4148 0.5289]
  [0.0112 0.0155 0.9732]
  [0.0498 0.9151 0.0350]]

 [[0.1036 0.0190 0.8774]
  [0.2846 0.0541 0.6613]
  [0.0921 0.0678 0.8401]]]

cpt2: v1 | v2 v4
[[[0.3109 0.5886 0.1005]
  [0.1276 0.4454 0.4270]
  [0.9583 0.0320 0.0097]]

 [[0.2739 0.3828 0.3433]
  [0.0783 0.0322 0.8895]
  [0.4297 0.5392 0.0310]]

 [[0.4232 0.2522 0.3246]
  [0.4703 0.3198 0.2099]
  [0.2140 0.5101 0.2758]]]

cpt3: v1 | v2 v4
[[[0.8194 0.1504 0.0302]
  [0.1203 0.3158 0.5638]
  [0.7016 0.0495 0.2489]]

 [[0.2739 0.3828 0.3433]
  [0.1974 0.0444 0.7582]
  [0.4297 0.5392 0.0310]]

 [[0.4232 0.2522 0.3246]
  [0.4703 0.3198 0.2099]
  [0.2140 0.5101 0.2758]]]

cpt4: v1 | v2 v4
[[[0.9198 0.0789 0.0014]
  [0.1203 0.3158 0.5638]
  [0.2470 0.3101 0.4430]]

 [[0.2739 0.3828 0.3433]
  [0.1974 0.0444 0.7582]
  [0.4297 0.5392 0.0310]]

 [[0.4232 0.2522 0.3246]
  [0.4703 0.3198 0.2099]
  [0.2140 0.5101 0.2758]]]

cpt5: v1 | v2 v4
[[[0.9753 0.0247 0.0001]
  [0.1203 0.3158 0.5638]
  [0.2032 0.2523 0.5445]]

 [[0.2739 0.3828 0.3433]
  [0.1974 0.0444 0.7582]
  [0.4297 0.5392 0.0310]]

 [[0.4232 0.2522 0.3246]
  [0.4703 0.3198 0.2099]
  [0.2140 0.5101 0.2758]]]

cpt6: v1 | v2 v4
[[[0.9157 0.0842 0.0001]
  [0.1203 0.3158 0.5638]
  [0.0059 0.4638 0.5303]]

 [[0.2739 0.3828 0.3433]
  [0.1974 0.0444 0.7582]
  [0.4297 0.5392 0.0310]]

 [[0.4232 0.2522 0.3246]
  [0.4703 0.3198 0.2099]
  [0.2140 0.5101 0.2758]]]

thres1: v1 | v2 v4
[[0.0357 0.1511 0.0071]
 [0.1426 0.0617 0.3231]
 [0.2172 0.1247 0.0815]]

thres2: v1 | v2 v4
[[0.0540 0.4884 0.0092]
 [0.3134 0.0895 0.5976]
 [0.3186 0.1989 0.2600]]

thres3: v1 | v2 v4
[[0.0624 0.6714 0.0292]
 [0.4361 0.3177 0.6070]
 [0.4321 0.2435 0.3378]]

thres4: v1 | v2 v4
[[0.9025 0.6856 0.0895]
 [0.4872 0.3786 0.6618]
 [0.4554 0.3358 0.4293]]

thres5: v1 | v2 v4
[[0.9048 0.6974 0.1502]
 [0.5236 0.5772 0.6863]
 [0.6075 0.3827 0.5868]]

thres6: v1 | v2 v4
[[0.9064 0.7014 0.8656]
 [0.6750 0.6826 0.6976]
 [0.6728 0.7174 0.6715]]

