cpt: v2 | 
[0.2331 0.4928 0.2741]

cpt1: v5 | v2
[[0.7211 0.1558 0.1231]
 [0.8350 0.0818 0.0833]
 [0.0670 0.4744 0.4586]]

cpt2: v5 | v2
[[0.2258 0.3226 0.4516]
 [0.8859 0.0519 0.0621]
 [0.3027 0.6024 0.0948]]

cpt3: v5 | v2
[[0.2258 0.3226 0.4516]
 [0.8912 0.0545 0.0544]
 [0.0949 0.4563 0.4488]]

cpt4: v5 | v2
[[0.2258 0.3226 0.4516]
 [0.8025 0.0811 0.1165]
 [0.0670 0.4744 0.4586]]

cpt5: v5 | v2
[[0.2258 0.3226 0.4516]
 [0.5513 0.1725 0.2763]
 [0.0670 0.4744 0.4586]]

cpt6: v5 | v2
[[0.2258 0.3226 0.4516]
 [0.5505 0.1726 0.2770]
 [0.0670 0.4744 0.4586]]

cpt7: v5 | v2
[[0.2258 0.3226 0.4516]
 [0.5504 0.1726 0.2770]
 [0.0670 0.4744 0.4586]]

thres1: v5 | v2
[0.1652 0.3308 0.0462]

thres2: v5 | v2
[0.3623 0.4881 0.3406]

thres3: v5 | v2
[0.5728 0.5998 0.5591]

thres4: v5 | v2
[0.5838 0.6417 0.5894]

thres5: v5 | v2
[0.5967 0.6614 0.6382]

thres6: v5 | v2
[0.6209 0.6658 0.6686]

thres7: v5 | v2
[0.6785 0.6803 0.6826]

cpt: v3 | v6
[[0.4688 0.3483 0.1829]
 [0.5700 0.3261 0.1039]
 [0.1424 0.5402 0.3174]]

cpt1: v0 | v3
[[0.0841 0.1429 0.7730]
 [0.6675 0.1132 0.2194]
 [0.0955 0.4407 0.4638]]

cpt2: v0 | v3
[[0.2757 0.2559 0.4684]
 [0.6593 0.1049 0.2358]
 [0.0817 0.4226 0.4957]]

cpt3: v0 | v3
[[0.3458 0.2455 0.4087]
 [0.3346 0.0868 0.5786]
 [0.0643 0.3642 0.5716]]

cpt4: v0 | v3
[[0.2721 0.2485 0.4794]
 [0.1232 0.0963 0.7806]
 [0.0670 0.4744 0.4586]]

cpt5: v0 | v3
[[0.2679 0.2440 0.4881]
 [0.4000 0.2299 0.3702]
 [0.0670 0.4744 0.4586]]

cpt6: v0 | v3
[[0.2329 0.2874 0.4797]
 [0.5079 0.1865 0.3056]
 [0.0670 0.4744 0.4586]]

cpt7: v0 | v3
[[0.2258 0.3226 0.4516]
 [0.5504 0.1726 0.2770]
 [0.0670 0.4744 0.4586]]

thres1: v0 | v3
[0.0897 0.3325 0.0829]

thres2: v0 | v3
[0.2281 0.3726 0.6176]

thres3: v0 | v3
[0.6208 0.4494 0.6813]

thres4: v0 | v3
[0.6324 0.6102 0.6930]

thres5: v0 | v3
[0.6430 0.6496 0.7124]

thres6: v0 | v3
[0.6622 0.6570 0.7253]

thres7: v0 | v3
[0.7083 0.6813 0.7315]

cpt1: v4 | v0
[[0.1372 0.7660 0.0969]
 [0.4149 0.4204 0.1648]
 [0.0329 0.5998 0.3673]]

cpt2: v4 | v0
[[0.1226 0.1402 0.7372]
 [0.3014 0.1298 0.5689]
 [0.0451 0.4900 0.4649]]

cpt3: v4 | v0
[[0.2180 0.3482 0.4338]
 [0.3935 0.2043 0.4022]
 [0.0753 0.6176 0.3071]]

cpt4: v4 | v0
[[0.1959 0.4913 0.3129]
 [0.5504 0.1726 0.2770]
 [0.0870 0.5995 0.3135]]

cpt5: v4 | v0
[[0.1803 0.4593 0.3604]
 [0.5504 0.1726 0.2770]
 [0.0670 0.4746 0.4584]]

cpt6: v4 | v0
[[0.2258 0.3226 0.4516]
 [0.5504 0.1726 0.2770]
 [0.0670 0.4744 0.4586]]

cpt7: v4 | v0
[[0.2258 0.3226 0.4516]
 [0.5504 0.1726 0.2770]
 [0.0670 0.4744 0.4586]]

thres1: v4 | v0
[0.1522 0.3072 0.1430]

thres2: v4 | v0
[0.3305 0.3812 0.6080]

thres3: v4 | v0
[0.5821 0.5511 0.6750]

thres4: v4 | v0
[0.5964 0.6156 0.6853]

thres5: v4 | v0
[0.6073 0.6479 0.7023]

thres6: v4 | v0
[0.6295 0.6544 0.7137]

thres7: v4 | v0
[0.6828 0.6769 0.7193]

cpt1: v1 | v2 v4
[[[0.0369 0.3222 0.6409]
  [0.1115 0.3085 0.5800]
  [0.0139 0.3808 0.6053]]

 [[0.5363 0.3456 0.1181]
  [0.9773 0.0073 0.0154]
  [0.4704 0.3422 0.1873]]

 [[0.0537 0.3155 0.6307]
  [0.3298 0.3629 0.3073]
  [0.0418 0.7382 0.2200]]]

cpt2: v1 | v2 v4
[[[0.2258 0.3226 0.4516]
  [0.5504 0.1726 0.2770]
  [0.0670 0.4744 0.4586]]

 [[0.2955 0.5647 0.1399]
  [0.9730 0.0085 0.0185]
  [0.1372 0.4705 0.3923]]

 [[0.3653 0.2150 0.4197]
  [0.2307 0.4131 0.3562]
  [0.2904 0.4830 0.2265]]]

cpt3: v1 | v2 v4
[[[0.2258 0.3226 0.4516]
  [0.5504 0.1726 0.2770]
  [0.0670 0.4744 0.4586]]

 [[0.2955 0.5647 0.1399]
  [0.9065 0.0284 0.0652]
  [0.0968 0.5179 0.3853]]

 [[0.3653 0.2150 0.4197]
  [0.1632 0.4729 0.3639]
  [0.2904 0.4830 0.2265]]]

cpt4: v1 | v2 v4
[[[0.2258 0.3226 0.4516]
  [0.5504 0.1726 0.2770]
  [0.0670 0.4744 0.4586]]

 [[0.2955 0.5647 0.1399]
  [0.9054 0.0287 0.0659]
  [0.1557 0.4811 0.3632]]

 [[0.3653 0.2150 0.4197]
  [0.0801 0.4436 0.4763]
  [0.2904 0.4830 0.2265]]]

cpt5: v1 | v2 v4
[[[0.2258 0.3226 0.4516]
  [0.5504 0.1726 0.2770]
  [0.0670 0.4744 0.4586]]

 [[0.2955 0.5647 0.1399]
  [0.9054 0.0287 0.0660]
  [0.1557 0.4811 0.3632]]

 [[0.3653 0.2150 0.4197]
  [0.3298 0.3629 0.3073]
  [0.2904 0.4830 0.2265]]]

cpt6: v1 | v2 v4
[[[0.2258 0.3226 0.4516]
  [0.5504 0.1726 0.2770]
  [0.0670 0.4744 0.4586]]

 [[0.2955 0.5647 0.1399]
  [0.9054 0.0287 0.0660]
  [0.1557 0.4811 0.3632]]

 [[0.3653 0.2150 0.4197]
  [0.3298 0.3629 0.3073]
  [0.2904 0.4830 0.2265]]]

cpt7: v1 | v2 v4
[[[0.2258 0.3226 0.4516]
  [0.5504 0.1726 0.2770]
  [0.0670 0.4744 0.4586]]

 [[0.2955 0.5647 0.1399]
  [0.9054 0.0287 0.0660]
  [0.1557 0.4811 0.3632]]

 [[0.3653 0.2150 0.4197]
  [0.3298 0.3629 0.3073]
  [0.2904 0.4830 0.2265]]]

thres1: v1 | v2 v4
[[0.1651 0.2866 0.0463]
 [0.1118 0.4061 0.0530]
 [0.3088 0.0217 0.1184]]

thres2: v1 | v2 v4
[[0.3621 0.3507 0.3591]
 [0.3015 0.4190 0.2071]
 [0.4344 0.0450 0.2920]]

thres3: v1 | v2 v4
[[0.5727 0.4444 0.5623]
 [0.3385 0.4400 0.4226]
 [0.6351 0.0663 0.3574]]

thres4: v1 | v2 v4
[[0.5838 0.5661 0.5920]
 [0.4719 0.4479 0.5447]
 [0.6481 0.2066 0.4857]]

thres5: v1 | v2 v4
[[0.5967 0.6222 0.6395]
 [0.5423 0.4858 0.5997]
 [0.6555 0.2768 0.5151]]

thres6: v1 | v2 v4
[[0.6209 0.6335 0.6693]
 [0.5859 0.6251 0.6298]
 [0.6870 0.3040 0.5936]]

thres7: v1 | v2 v4
[[0.6785 0.6705 0.6831]
 [0.6652 0.6935 0.6687]
 [0.6890 0.7605 0.6642]]

