cpt: v2 | 
[0.2644 0.2843 0.4513]

cpt1: v5 | v2
[[0.2181 0.2376 0.5443]
 [0.3209 0.6450 0.0341]
 [0.1405 0.1083 0.7512]]

cpt2: v5 | v2
[[0.7841 0.0850 0.1309]
 [0.8812 0.1120 0.0068]
 [0.1405 0.1083 0.7512]]

cpt3: v5 | v2
[[0.2181 0.2376 0.5443]
 [0.5442 0.4318 0.0240]
 [0.1406 0.1084 0.7509]]

cpt4: v5 | v2
[[0.2181 0.2376 0.5443]
 [0.4480 0.5243 0.0278]
 [0.2012 0.1538 0.6450]]

cpt5: v5 | v2
[[0.2181 0.2376 0.5443]
 [0.4387 0.5296 0.0317]
 [0.4338 0.2822 0.2841]]

cpt6: v5 | v2
[[0.2181 0.2376 0.5443]
 [0.3322 0.6334 0.0344]
 [0.3800 0.1818 0.4382]]

cpt7: v5 | v2
[[0.2181 0.2376 0.5443]
 [0.3209 0.6450 0.0341]
 [0.2159 0.1008 0.6833]]

cpt8: v5 | v2
[[0.2181 0.2376 0.5443]
 [0.3209 0.6450 0.0341]
 [0.1405 0.1083 0.7512]]

thres1: v5 | v2
[0.0976 0.1132 0.0520]

thres2: v5 | v2
[0.1936 0.3145 0.0898]

thres3: v5 | v2
[0.3900 0.3289 0.3466]

thres4: v5 | v2
[0.4240 0.3653 0.3714]

thres5: v5 | v2
[0.5358 0.3757 0.4714]

thres6: v5 | v2
[0.5685 0.3829 0.5454]

thres7: v5 | v2
[0.6115 0.4236 0.5900]

thres8: v5 | v2
[0.6630 0.7065 0.6682]

cpt: v3 | v6
[[0.1660 0.2727 0.5613]
 [0.1078 0.8807 0.0115]
 [0.1106 0.0833 0.8061]]

cpt1: v0 | v3
[[0.2077 0.3412 0.4511]
 [0.1764 0.7814 0.0422]
 [0.2581 0.2549 0.4870]]

cpt2: v0 | v3
[[0.2217 0.3692 0.4091]
 [0.1524 0.8351 0.0125]
 [0.1405 0.1083 0.7512]]

cpt3: v0 | v3
[[0.1687 0.4130 0.4183]
 [0.2586 0.7144 0.0269]
 [0.1405 0.1083 0.7512]]

cpt4: v0 | v3
[[0.2181 0.2376 0.5443]
 [0.2397 0.7324 0.0279]
 [0.1405 0.1083 0.7512]]

cpt5: v0 | v3
[[0.2181 0.2376 0.5443]
 [0.3205 0.6453 0.0341]
 [0.1385 0.1646 0.6968]]

cpt6: v0 | v3
[[0.2181 0.2376 0.5443]
 [0.3209 0.6450 0.0341]
 [0.1762 0.1568 0.6671]]

cpt7: v0 | v3
[[0.2181 0.2376 0.5443]
 [0.3209 0.6450 0.0341]
 [0.3374 0.2413 0.4214]]

cpt8: v0 | v3
[[0.2181 0.2376 0.5443]
 [0.0985 0.8897 0.0118]
 [0.0806 0.0864 0.8330]]

thres1: v0 | v3
[0.0648 0.0885 0.0401]

thres2: v0 | v3
[0.1329 0.2495 0.0701]

thres3: v0 | v3
[0.2976 0.2578 0.2757]

thres4: v0 | v3
[0.3430 0.2962 0.2971]

thres5: v0 | v3
[0.5021 0.3098 0.3624]

thres6: v0 | v3
[0.5435 0.3193 0.4133]

thres7: v0 | v3
[0.5983 0.3712 0.5064]

thres8: v0 | v3
[0.6636 0.7251 0.6775]

cpt1: v4 | v0
[[0.2750 0.3086 0.4164]
 [0.2355 0.7391 0.0254]
 [0.2299 0.1697 0.6003]]

cpt2: v4 | v0
[[0.5191 0.3999 0.0810]
 [0.1347 0.8519 0.0134]
 [0.5141 0.3160 0.1699]]

cpt3: v4 | v0
[[0.2268 0.3128 0.4604]
 [0.1372 0.8440 0.0188]
 [0.1563 0.1469 0.6967]]

cpt4: v4 | v0
[[0.2181 0.2376 0.5443]
 [0.3134 0.6640 0.0226]
 [0.1985 0.0876 0.7139]]

cpt5: v4 | v0
[[0.2181 0.2376 0.5443]
 [0.3274 0.6500 0.0227]
 [0.2686 0.1655 0.5660]]

cpt6: v4 | v0
[[0.2181 0.2376 0.5443]
 [0.3974 0.5695 0.0331]
 [0.2884 0.2150 0.4966]]

cpt7: v4 | v0
[[0.2181 0.2376 0.5443]
 [0.2147 0.7652 0.0201]
 [0.1006 0.0838 0.8155]]

cpt8: v4 | v0
[[0.2181 0.2376 0.5443]
 [0.3810 0.6116 0.0075]
 [0.2626 0.2958 0.4416]]

thres1: v4 | v0
[0.0592 0.0724 0.0337]

thres2: v4 | v0
[0.1203 0.2151 0.0589]

thres3: v4 | v0
[0.3562 0.2215 0.3133]

thres4: v4 | v0
[0.3954 0.2501 0.3521]

thres5: v4 | v0
[0.5250 0.2654 0.4446]

thres6: v4 | v0
[0.5617 0.2766 0.4986]

thres7: v4 | v0
[0.6096 0.3525 0.5446]

thres8: v4 | v0
[0.6666 0.7334 0.6729]

cpt1: v1 | v2 v4
[[[0.2385 0.5659 0.1955]
  [0.2471 0.7402 0.0127]
  [0.2722 0.3156 0.4122]]

 [[0.0597 0.1590 0.7814]
  [0.7810 0.0291 0.1899]
  [0.9063 0.0508 0.0429]]

 [[0.0303 0.7443 0.2254]
  [0.1232 0.3843 0.4924]
  [0.2672 0.4496 0.2832]]]

cpt2: v1 | v2 v4
[[[0.2181 0.2376 0.5443]
  [0.1727 0.8097 0.0176]
  [0.2095 0.2132 0.5772]]

 [[0.1688 0.4304 0.4008]
  [0.4589 0.0574 0.4837]
  [0.7203 0.1424 0.1373]]

 [[0.0055 0.9436 0.0509]
  [0.1215 0.4456 0.4329]
  [0.7164 0.1699 0.1137]]]

cpt3: v1 | v2 v4
[[[0.2181 0.2376 0.5443]
  [0.1232 0.8563 0.0205]
  [0.1405 0.1083 0.7512]]

 [[0.0726 0.2105 0.7169]
  [0.3830 0.0567 0.5603]
  [0.7203 0.1424 0.1373]]

 [[0.0341 0.7919 0.1740]
  [0.0275 0.6788 0.2937]
  [0.8140 0.1116 0.0744]]]

cpt4: v1 | v2 v4
[[[0.2181 0.2376 0.5443]
  [0.3209 0.6450 0.0341]
  [0.1405 0.1083 0.7512]]

 [[0.0593 0.1582 0.7825]
  [0.3830 0.0567 0.5603]
  [0.7203 0.1424 0.1373]]

 [[0.0470 0.7528 0.2002]
  [0.2317 0.4255 0.3428]
  [0.8191 0.1083 0.0725]]]

cpt5: v1 | v2 v4
[[[0.2181 0.2376 0.5443]
  [0.3209 0.6450 0.0341]
  [0.1405 0.1083 0.7512]]

 [[0.0593 0.1582 0.7825]
  [0.3830 0.0567 0.5603]
  [0.7203 0.1424 0.1373]]

 [[0.0470 0.7528 0.2002]
  [0.2604 0.4040 0.3356]
  [0.8191 0.1083 0.0725]]]

cpt6: v1 | v2 v4
[[[0.2181 0.2376 0.5443]
  [0.3209 0.6450 0.0341]
  [0.1405 0.1083 0.7512]]

 [[0.0593 0.1582 0.7825]
  [0.3830 0.0567 0.5603]
  [0.7203 0.1424 0.1373]]

 [[0.0470 0.7528 0.2002]
  [0.2604 0.4040 0.3356]
  [0.8191 0.1083 0.0725]]]

cpt7: v1 | v2 v4
[[[0.2181 0.2376 0.5443]
  [0.3209 0.6450 0.0341]
  [0.1405 0.1083 0.7512]]

 [[0.0593 0.1582 0.7825]
  [0.3830 0.0567 0.5603]
  [0.7203 0.1424 0.1373]]

 [[0.0470 0.7528 0.2002]
  [0.2604 0.4040 0.3356]
  [0.8191 0.1083 0.0725]]]

cpt8: v1 | v2 v4
[[[0.2181 0.2376 0.5443]
  [0.3209 0.6450 0.0341]
  [0.1405 0.1083 0.7512]]

 [[0.0593 0.1582 0.7825]
  [0.3830 0.0567 0.5603]
  [0.7203 0.1424 0.1373]]

 [[0.0470 0.7528 0.2002]
  [0.2604 0.4040 0.3356]
  [0.8191 0.1083 0.0725]]]

thres1: v1 | v2 v4
[[0.0976 0.0690 0.0929]
 [0.0146 0.2180 0.3062]
 [0.0074 0.0701 0.2676]]

thres2: v1 | v2 v4
[[0.1935 0.2010 0.1584]
 [0.0539 0.2515 0.3482]
 [0.1186 0.1758 0.2988]]

thres3: v1 | v2 v4
[[0.3900 0.2110 0.4203]
 [0.2342 0.4302 0.3862]
 [0.1625 0.3004 0.3175]]

thres4: v1 | v2 v4
[[0.4240 0.2426 0.4452]
 [0.2724 0.4678 0.4355]
 [0.3303 0.3978 0.3469]]

thres5: v1 | v2 v4
[[0.5358 0.2581 0.5197]
 [0.4715 0.5702 0.5406]
 [0.5003 0.5697 0.4233]]

thres6: v1 | v2 v4
[[0.5685 0.2689 0.5578]
 [0.5179 0.5845 0.5664]
 [0.6671 0.6214 0.5012]]

thres7: v1 | v2 v4
[[0.6115 0.3292 0.5944]
 [0.6587 0.6272 0.6495]
 [0.6740 0.6356 0.6282]]

thres8: v1 | v2 v4
[[0.6630 0.7445 0.6692]
 [0.6763 0.6667 0.6708]
 [0.6812 0.6657 0.6704]]

