cpt: v2 | 
[0.1127 0.4817 0.4056]

cpt1: v5 | v2
[[0.1891 0.3459 0.4650]
 [0.7108 0.0393 0.2499]
 [0.2610 0.3707 0.3682]]

cpt2: v5 | v2
[[0.2607 0.4518 0.2875]
 [0.7108 0.0393 0.2499]
 [0.2610 0.3707 0.3682]]

cpt3: v5 | v2
[[0.3294 0.5547 0.1158]
 [0.7108 0.0393 0.2499]
 [0.2610 0.3707 0.3682]]

cpt4: v5 | v2
[[0.1891 0.3459 0.4650]
 [0.8253 0.0248 0.1499]
 [0.2801 0.3926 0.3273]]

cpt5: v5 | v2
[[0.1891 0.3459 0.4650]
 [0.8924 0.0167 0.0909]
 [0.5428 0.3447 0.1124]]

cpt6: v5 | v2
[[0.1891 0.3459 0.4650]
 [0.9117 0.0397 0.0486]
 [0.2648 0.3712 0.3640]]

cpt7: v5 | v2
[[0.1891 0.3459 0.4650]
 [0.8889 0.0290 0.0821]
 [0.2610 0.3707 0.3682]]

cpt8: v5 | v2
[[0.1891 0.3459 0.4650]
 [0.7108 0.0393 0.2499]
 [0.2610 0.3707 0.3682]]

cpt9: v5 | v2
[[0.1891 0.3459 0.4650]
 [0.7108 0.0393 0.2499]
 [0.2610 0.3707 0.3682]]

thres1: v5 | v2
[0.0180 0.2567 0.0259]

thres2: v5 | v2
[0.0503 0.2671 0.0610]

thres3: v5 | v2
[0.0923 0.3329 0.0945]

thres4: v5 | v2
[0.2521 0.4120 0.1262]

thres5: v5 | v2
[0.4495 0.4475 0.4945]

thres6: v5 | v2
[0.5477 0.5354 0.5535]

thres7: v5 | v2
[0.5520 0.5500 0.6234]

thres8: v5 | v2
[0.6305 0.5903 0.6511]

thres9: v5 | v2
[0.6681 0.6642 0.6857]

cpt: v3 | v6
[[0.1511 0.4853 0.3636]
 [0.7970 0.0269 0.1761]
 [0.3688 0.2977 0.3336]]

cpt1: v0 | v3
[[0.1891 0.3459 0.4650]
 [0.5214 0.0408 0.4379]
 [0.2610 0.3707 0.3682]]

cpt2: v0 | v3
[[0.2140 0.2668 0.5192]
 [0.6121 0.0397 0.3481]
 [0.2610 0.3707 0.3682]]

cpt3: v0 | v3
[[0.3189 0.2396 0.4415]
 [0.7475 0.0348 0.2177]
 [0.2610 0.3707 0.3682]]

cpt4: v0 | v3
[[0.1279 0.3308 0.5413]
 [0.6577 0.0436 0.2987]
 [0.2082 0.3536 0.4383]]

cpt5: v0 | v3
[[0.1893 0.3455 0.4652]
 [0.5606 0.0399 0.3995]
 [0.3882 0.2699 0.3420]]

cpt6: v0 | v3
[[0.1891 0.3459 0.4650]
 [0.7409 0.0363 0.2227]
 [0.2709 0.3656 0.3635]]

cpt7: v0 | v3
[[0.1891 0.3459 0.4650]
 [0.6921 0.0419 0.2660]
 [0.2610 0.3707 0.3682]]

cpt8: v0 | v3
[[0.1891 0.3458 0.4651]
 [0.7108 0.0393 0.2499]
 [0.2610 0.3707 0.3682]]

cpt9: v0 | v3
[[0.1507 0.3221 0.5272]
 [0.7108 0.0393 0.2499]
 [0.2610 0.3707 0.3682]]

thres1: v0 | v3
[0.0285 0.2288 0.0329]

thres2: v0 | v3
[0.0792 0.2392 0.0783]

thres3: v0 | v3
[0.1438 0.3010 0.1213]

thres4: v0 | v3
[0.2852 0.3756 0.1614]

thres5: v0 | v3
[0.4617 0.4106 0.6739]

thres6: v0 | v3
[0.5520 0.5237 0.6921]

thres7: v0 | v3
[0.5560 0.5378 0.7153]

thres8: v0 | v3
[0.6290 0.5826 0.7258]

thres9: v0 | v3
[0.6646 0.6641 0.7391]

cpt1: v4 | v0
[[0.1891 0.3459 0.4650]
 [0.6155 0.0348 0.3497]
 [0.2610 0.3707 0.3682]]

cpt2: v4 | v0
[[0.1891 0.3459 0.4650]
 [0.7605 0.0440 0.1955]
 [0.2610 0.3707 0.3682]]

cpt3: v4 | v0
[[0.3222 0.2967 0.3810]
 [0.6944 0.0270 0.2786]
 [0.2610 0.3707 0.3682]]

cpt4: v4 | v0
[[0.1432 0.5394 0.3174]
 [0.7679 0.0460 0.1862]
 [0.4209 0.3393 0.2398]]

cpt5: v4 | v0
[[0.2082 0.2346 0.5572]
 [0.8215 0.0274 0.1510]
 [0.3507 0.3245 0.3248]]

cpt6: v4 | v0
[[0.1891 0.3459 0.4650]
 [0.8559 0.0193 0.1248]
 [0.2612 0.3706 0.3681]]

cpt7: v4 | v0
[[0.1891 0.3459 0.4650]
 [0.8219 0.0276 0.1505]
 [0.2610 0.3707 0.3682]]

cpt8: v4 | v0
[[0.1891 0.3459 0.4650]
 [0.7108 0.0393 0.2499]
 [0.2610 0.3707 0.3682]]

cpt9: v4 | v0
[[0.1891 0.3459 0.4650]
 [0.7108 0.0393 0.2499]
 [0.2610 0.3707 0.3682]]

thres1: v4 | v0
[0.0373 0.2896 0.0248]

thres2: v4 | v0
[0.1037 0.3009 0.0591]

thres3: v4 | v0
[0.1873 0.3763 0.0919]

thres4: v4 | v0
[0.3100 0.4612 0.1229]

thres5: v4 | v0
[0.4861 0.4863 0.5117]

thres6: v4 | v0
[0.5634 0.5559 0.5655]

thres7: v4 | v0
[0.5673 0.5660 0.6305]

thres8: v4 | v0
[0.6312 0.6017 0.6571]

thres9: v4 | v0
[0.6634 0.6668 0.6900]

cpt1: v1 | v2 v4
[[[0.1978 0.2779 0.5243]
  [0.5197 0.0627 0.4175]
  [0.3662 0.2708 0.3630]]

 [[0.3073 0.2260 0.4667]
  [0.8424 0.0567 0.1009]
  [0.1076 0.1580 0.7344]]

 [[0.0292 0.2421 0.7286]
  [0.0658 0.0554 0.8788]
  [0.0107 0.7668 0.2226]]]

cpt2: v1 | v2 v4
[[[0.0686 0.3317 0.5996]
  [0.4287 0.0736 0.4977]
  [0.0893 0.4361 0.4747]]

 [[0.4752 0.1772 0.3476]
  [0.6798 0.1057 0.2145]
  [0.1882 0.2365 0.5753]]

 [[0.0168 0.1807 0.8025]
  [0.0321 0.0501 0.9177]
  [0.0181 0.7474 0.2345]]]

cpt3: v1 | v2 v4
[[[0.1891 0.3459 0.4650]
  [0.7108 0.0393 0.2499]
  [0.2610 0.3707 0.3682]]

 [[0.3553 0.2915 0.3533]
  [0.6734 0.1072 0.2195]
  [0.1212 0.2081 0.6707]]

 [[0.0238 0.2376 0.7386]
  [0.0658 0.0554 0.8787]
  [0.0181 0.7474 0.2345]]]

cpt4: v1 | v2 v4
[[[0.1891 0.3459 0.4650]
  [0.7108 0.0393 0.2499]
  [0.2610 0.3707 0.3682]]

 [[0.3073 0.2260 0.4667]
  [0.6734 0.1072 0.2195]
  [0.1076 0.1580 0.7344]]

 [[0.0292 0.2421 0.7286]
  [0.0658 0.0554 0.8787]
  [0.0181 0.7474 0.2345]]]

cpt5: v1 | v2 v4
[[[0.1891 0.3459 0.4650]
  [0.7108 0.0393 0.2499]
  [0.2610 0.3707 0.3682]]

 [[0.3073 0.2260 0.4667]
  [0.6734 0.1072 0.2195]
  [0.1076 0.1580 0.7344]]

 [[0.0292 0.2421 0.7286]
  [0.0658 0.0554 0.8787]
  [0.0181 0.7474 0.2345]]]

cpt6: v1 | v2 v4
[[[0.1891 0.3459 0.4650]
  [0.7108 0.0393 0.2499]
  [0.2610 0.3707 0.3682]]

 [[0.3073 0.2260 0.4667]
  [0.6734 0.1072 0.2195]
  [0.1076 0.1580 0.7344]]

 [[0.0292 0.2421 0.7286]
  [0.0658 0.0554 0.8787]
  [0.0181 0.7474 0.2345]]]

cpt7: v1 | v2 v4
[[[0.1891 0.3459 0.4650]
  [0.7108 0.0393 0.2499]
  [0.2610 0.3707 0.3682]]

 [[0.3073 0.2260 0.4667]
  [0.6734 0.1072 0.2195]
  [0.1076 0.1580 0.7344]]

 [[0.0292 0.2421 0.7286]
  [0.0658 0.0554 0.8787]
  [0.0181 0.7474 0.2345]]]

cpt8: v1 | v2 v4
[[[0.1891 0.3459 0.4650]
  [0.7108 0.0393 0.2499]
  [0.2610 0.3707 0.3682]]

 [[0.3073 0.2260 0.4667]
  [0.6734 0.1072 0.2195]
  [0.1076 0.1580 0.7344]]

 [[0.0292 0.2421 0.7286]
  [0.0658 0.0554 0.8787]
  [0.0181 0.7474 0.2345]]]

cpt9: v1 | v2 v4
[[[0.1891 0.3459 0.4650]
  [0.7108 0.0393 0.2499]
  [0.2610 0.3707 0.3682]]

 [[0.3073 0.2260 0.4667]
  [0.6734 0.1072 0.2195]
  [0.1076 0.1580 0.7344]]

 [[0.0292 0.2421 0.7286]
  [0.0658 0.0554 0.8787]
  [0.0181 0.7474 0.2345]]]

thres1: v1 | v2 v4
[[0.0389 0.1725 0.0223]
 [0.0804 0.1885 0.0295]
 [0.0112 0.0359 0.0138]]

thres2: v1 | v2 v4
[[0.1076 0.1895 0.0535]
 [0.1348 0.2129 0.0726]
 [0.1127 0.0648 0.5739]]

thres3: v1 | v2 v4
[[0.1925 0.2521 0.0939]
 [0.2419 0.2617 0.2732]
 [0.3880 0.5182 0.6498]]

thres4: v1 | v2 v4
[[0.3171 0.3266 0.1317]
 [0.3849 0.3257 0.3093]
 [0.4139 0.5391 0.6615]]

thres5: v1 | v2 v4
[[0.4760 0.3578 0.6242]
 [0.4302 0.4160 0.5606]
 [0.6170 0.5587 0.6632]]

thres6: v1 | v2 v4
[[0.5580 0.4406 0.6526]
 [0.4606 0.4533 0.5716]
 [0.6243 0.6500 0.6848]]

thres7: v1 | v2 v4
[[0.5618 0.4669 0.6885]
 [0.4796 0.4697 0.5980]
 [0.6422 0.6524 0.7055]]

thres8: v1 | v2 v4
[[0.6291 0.5430 0.7039]
 [0.6451 0.4939 0.6723]
 [0.6537 0.6816 0.7149]]

thres9: v1 | v2 v4
[[0.6621 0.6641 0.7234]
 [0.6692 0.6758 0.6804]
 [0.6842 0.7025 0.7263]]

