cpt: v9 | v1 v3 v8
[[[[0.2489 0.7511]
   [0.8380 0.1620]]

  [[0.5897 0.4103]
   [0.8464 0.1536]]]


 [[[0.4422 0.5578]
   [0.1785 0.8215]]

  [[0.2989 0.7011]
   [0.6144 0.3856]]]


 [[[0.6579 0.3421]
   [0.1866 0.8134]]

  [[0.9367 0.0633]
   [0.5000 0.5000]]]


 [[[0.0291 0.9709]
   [0.7922 0.2078]]

  [[0.5777 0.4223]
   [0.1285 0.8715]]]]

cpt: v3 | 
[0.1692 0.5157 0.2421 0.0730]

cpt: v8 | 
[0.2505 0.7495]

cpt: v1 | v0
[[0.2507 0.7493]
 [0.8401 0.1599]]

cpt: v0 | 
[0.2463 0.7537]

cpt: v6 | v5 v9
[[[0.0457 0.8899 0.0644]
  [0.8835 0.1151 0.0014]]

 [[0.4485 0.3094 0.2422]
  [0.3691 0.1822 0.4487]]]

cpt: v5 | 
[0.2616 0.7384]

cpt1: v7 | v6
[[0.1489 0.6863 0.1648]
 [0.8907 0.1064 0.0029]
 [0.8139 0.1233 0.0627]]

cpt2: v7 | v6
[[0.6758 0.2221 0.1021]
 [0.8874 0.1087 0.0039]
 [0.6459 0.2018 0.1523]]

cpt3: v7 | v6
[[0.1674 0.5639 0.2687]
 [0.8953 0.1013 0.0034]
 [0.4485 0.3094 0.2422]]

cpt4: v7 | v6
[[0.0555 0.6487 0.2958]
 [0.9595 0.0393 0.0012]
 [0.4485 0.3094 0.2422]]

thres1: v7 | v6
[0.0103 0.7177 0.6629]

thres2: v7 | v6
[0.6742 0.7951 0.7262]

thres3: v7 | v6
[0.7781 0.7968 0.7671]

cpt1: v11 | v6
[[0.2042 0.7958]
 [0.1339 0.8661]
 [0.8417 0.1583]]

cpt2: v11 | v6
[[0.7682 0.2318]
 [0.6626 0.3374]
 [0.4286 0.5714]]

cpt3: v11 | v6
[[0.3007 0.6993]
 [0.8058 0.1942]
 [0.5908 0.4092]]

cpt4: v11 | v6
[[0.8997 0.1003]
 [0.8376 0.1624]
 [0.5918 0.4082]]

thres1: v11 | v6
[0.0127 0.9452 0.3294]

thres2: v11 | v6
[0.6753 0.9481 0.5830]

thres3: v11 | v6
[0.7780 0.9482 0.7049]

cpt: v10 | 
[0.1872 0.7066 0.1062]

cpt: v2 | 
[0.1173 0.8008 0.0819]

cpt1: v4 | v2 v7 v10
[[[[0.1607 0.2390 0.6003]
   [0.9428 0.0557 0.0016]
   [0.7665 0.1386 0.0949]]

  [[0.4802 0.0587 0.4611]
   [0.5029 0.2624 0.2347]
   [0.2598 0.4997 0.2405]]

  [[0.2772 0.2309 0.4919]
   [0.6057 0.1062 0.2880]
   [0.3798 0.0579 0.5623]]]


 [[[0.1300 0.3641 0.5060]
   [0.8987 0.0249 0.0764]
   [0.6786 0.2944 0.0270]]

  [[0.0145 0.5513 0.4342]
   [0.8179 0.1050 0.0771]
   [0.7384 0.2176 0.0440]]

  [[0.1669 0.5158 0.3173]
   [0.0678 0.8800 0.0522]
   [0.4888 0.3215 0.1897]]]


 [[[0.1945 0.1607 0.6447]
   [0.6087 0.1590 0.2322]
   [0.6996 0.2597 0.0407]]

  [[0.2906 0.3640 0.3454]
   [0.4998 0.1787 0.3215]
   [0.6902 0.2393 0.0705]]

  [[0.6509 0.0784 0.2706]
   [0.0655 0.0608 0.8738]
   [0.5228 0.1824 0.2948]]]]

cpt2: v4 | v2 v7 v10
[[[[0.1832 0.5514 0.2654]
   [0.8337 0.1611 0.0052]
   [0.4485 0.3094 0.2422]]

  [[0.5548 0.1007 0.3445]
   [0.2652 0.3315 0.4033]
   [0.1404 0.5907 0.2689]]

  [[0.2033 0.4660 0.3307]
   [0.2826 0.1771 0.5403]
   [0.1275 0.0657 0.8068]]]


 [[[0.1209 0.5162 0.3629]
   [0.7441 0.0501 0.2058]
   [0.4733 0.4730 0.0537]]

  [[0.0056 0.1016 0.8928]
   [0.6556 0.1719 0.1724]
   [0.5227 0.3807 0.0966]]

  [[0.1876 0.6491 0.1633]
   [0.1552 0.7433 0.1015]
   [0.2443 0.4922 0.2635]]]


 [[[0.1849 0.3702 0.4449]
   [0.3090 0.2497 0.4413]
   [0.3882 0.5320 0.0797]]

  [[0.2148 0.6302 0.1550]
   [0.2328 0.2309 0.5363]
   [0.3777 0.4817 0.1406]]

  [[0.4611 0.1464 0.3925]
   [0.0627 0.0556 0.8817]
   [0.2344 0.3022 0.4633]]]]

cpt3: v4 | v2 v7 v10
[[[[0.1832 0.5515 0.2653]
   [0.8337 0.1611 0.0052]
   [0.4485 0.3094 0.2422]]

  [[0.5548 0.1007 0.3445]
   [0.2650 0.3313 0.4037]
   [0.1318 0.6062 0.2619]]

  [[0.2033 0.4660 0.3307]
   [0.2826 0.1771 0.5403]
   [0.1267 0.0656 0.8077]]]


 [[[0.1587 0.6915 0.1499]
   [0.7441 0.0501 0.2058]
   [0.4733 0.4730 0.0537]]

  [[0.0063 0.2198 0.7739]
   [0.6556 0.1719 0.1724]
   [0.5227 0.3807 0.0966]]

  [[0.1157 0.7848 0.0994]
   [0.0533 0.8953 0.0514]
   [0.2443 0.4922 0.2635]]]


 [[[0.1849 0.3702 0.4449]
   [0.3090 0.2497 0.4413]
   [0.3882 0.5320 0.0797]]

  [[0.2146 0.6306 0.1548]
   [0.2326 0.2309 0.5365]
   [0.3777 0.4817 0.1406]]

  [[0.4611 0.1464 0.3925]
   [0.0324 0.0652 0.9023]
   [0.2344 0.3022 0.4633]]]]

cpt4: v4 | v2 v7 v10
[[[[0.1832 0.5515 0.2653]
   [0.8337 0.1611 0.0052]
   [0.4485 0.3094 0.2422]]

  [[0.5548 0.1007 0.3445]
   [0.2650 0.3313 0.4037]
   [0.1318 0.6062 0.2619]]

  [[0.2033 0.4660 0.3307]
   [0.2826 0.1771 0.5403]
   [0.1267 0.0656 0.8077]]]


 [[[0.1587 0.6915 0.1499]
   [0.7441 0.0501 0.2058]
   [0.4733 0.4730 0.0537]]

  [[0.0122 0.4085 0.5793]
   [0.6556 0.1719 0.1724]
   [0.5227 0.3807 0.0966]]

  [[0.1157 0.7848 0.0994]
   [0.0533 0.8953 0.0514]
   [0.2443 0.4922 0.2635]]]


 [[[0.1849 0.3702 0.4449]
   [0.3090 0.2497 0.4413]
   [0.3882 0.5320 0.0797]]

  [[0.2146 0.6306 0.1548]
   [0.2326 0.2309 0.5365]
   [0.3777 0.4817 0.1406]]

  [[0.4611 0.1464 0.3925]
   [0.0265 0.0676 0.9059]
   [0.2344 0.3022 0.4633]]]]

thres1: v4 | v2 v7 v10
[[[0.1834 0.8337 0.4485]
  [0.5548 0.2678 0.1653]
  [0.2033 0.2826 0.1294]]

 [[0.3257 0.7441 0.4733]
  [0.0140 0.6556 0.5227]
  [0.2251 0.1954 0.2443]]

 [[0.1848 0.3090 0.3882]
  [0.2145 0.2345 0.3777]
  [0.4611 0.0119 0.2344]]]

thres2: v4 | v2 v7 v10
[[[0.6336 0.8605 0.6191]
  [0.5996 0.5096 0.6425]
  [0.5745 0.4097 0.1869]]

 [[0.6944 0.7569 0.7224]
  [0.6432 0.7148 0.7044]
  [0.7364 0.8021 0.6162]]

 [[0.4867 0.4815 0.7137]
  [0.7100 0.4111 0.6775]
  [0.5400 0.0805 0.4658]]]

thres3: v4 | v2 v7 v10
[[[0.7308 0.8612 0.7113]
  [0.7376 0.7067 0.7365]
  [0.7153 0.7286 0.8411]]

 [[0.7334 0.8069 0.7373]
  [0.7673 0.7640 0.7330]
  [0.7668 0.8121 0.7174]]

 [[0.7150 0.7103 0.7365]
  [0.7548 0.7260 0.7228]
  [0.7206 0.9253 0.7133]]]

