cpt: v17 | v7
[[0.3033 0.1919 0.5047]
 [0.0940 0.7956 0.1104]
 [0.1084 0.1152 0.7764]]

cpt: v7 | 
[0.3796 0.1658 0.4546]

cpt: v3 | v17
[[0.2841 0.2365 0.4794]
 [0.0830 0.8261 0.0910]
 [0.0918 0.1275 0.7807]]

cpt: v2 | v1 v3 v11
[[[[0.6426 0.3574]
   [0.0989 0.9011]
   [0.4637 0.5363]]

  [[0.3485 0.6515]
   [0.5232 0.4768]
   [0.1694 0.8306]]

  [[0.0104 0.9896]
   [0.0699 0.9301]
   [0.7861 0.2139]]

  [[0.5208 0.4792]
   [0.9671 0.0329]
   [0.0983 0.9017]]

  [[0.9518 0.0482]
   [0.5615 0.4385]
   [0.3692 0.6308]]]


 [[[0.6226 0.3774]
   [0.1502 0.8498]
   [0.1545 0.8455]]

  [[0.8737 0.1263]
   [0.1761 0.8239]
   [0.7967 0.2033]]

  [[0.9180 0.0820]
   [0.1252 0.8748]
   [0.6203 0.3797]]

  [[0.2374 0.7626]
   [0.6938 0.3062]
   [0.4946 0.5054]]

  [[0.4469 0.5531]
   [0.0878 0.9122]
   [0.4025 0.5975]]]


 [[[0.4756 0.5244]
   [0.8705 0.1295]
   [0.4146 0.5854]]

  [[0.8919 0.1081]
   [0.4033 0.5967]
   [0.4780 0.5220]]

  [[0.7366 0.2634]
   [0.5848 0.4152]
   [0.7827 0.2173]]

  [[0.7087 0.2913]
   [0.2108 0.7892]
   [0.8826 0.1174]]

  [[0.6255 0.3745]
   [0.7866 0.2134]
   [0.9413 0.0587]]]]

cpt: v1 | v15 v16
[[[0.2774 0.0543 0.4471 0.0552 0.1660]
  [0.0970 0.1360 0.1087 0.4091 0.2491]]

 [[0.1664 0.0700 0.3495 0.1840 0.2301]
  [0.3062 0.1962 0.3102 0.0782 0.1092]]]

cpt: v16 | 
[0.8664 0.1336]

cpt: v15 | v6
[[0.8116 0.1884]
 [0.2452 0.7548]
 [0.6727 0.3273]
 [0.5508 0.4492]
 [0.6122 0.3878]]

cpt: v6 | 
[0.4061 0.0927 0.2767 0.0289 0.1955]

cpt: v11 | v10
[[0.8860 0.0090 0.1050]
 [0.6745 0.0783 0.2472]
 [0.3789 0.0121 0.6090]]

cpt: v10 | 
[0.8917 0.0115 0.0968]

cpt: v5 | v11
[[0.8083 0.0138 0.1780]
 [0.6891 0.0541 0.2568]
 [0.4617 0.0125 0.5258]]

cpt: v9 | v8
[[0.0345 0.9364 0.0291]
 [0.9256 0.0357 0.0387]]

cpt: v8 | 
[0.8711 0.1289]

cpt: v14 | 
[0.8657 0.1343]

cpt: v12 | 
[0.7352 0.1612 0.1036]

cpt: v0 | 
[0.7874 0.0147 0.1882 0.0097]

cpt1: v13 | v0 v5 v9 v12 v14
[[[[[[0.8691 0.0123 0.1112 0.0075]
     [0.2858 0.0553 0.0746 0.5843]
     [0.5123 0.0108 0.2771 0.1999]]

    [[0.6932 0.0521 0.1478 0.1069]
     [0.6004 0.0549 0.0955 0.2492]
     [0.6305 0.0733 0.0866 0.2097]]

    [[0.0323 0.0482 0.2580 0.6614]
     [0.3106 0.1501 0.0427 0.4966]
     [0.6958 0.0125 0.2171 0.0745]]]


   [[[0.0306 0.0084 0.9357 0.0253]
     [0.7647 0.0262 0.0619 0.1471]
     [0.0442 0.1163 0.6674 0.1721]]

    [[0.9755 0.0027 0.0024 0.0194]
     [0.0389 0.0052 0.0087 0.9472]
     [0.5957 0.0239 0.0557 0.3247]]

    [[0.1560 0.0576 0.1850 0.6014]
     [0.2441 0.5010 0.0776 0.1774]
     [0.1372 0.1867 0.0722 0.6039]]]]



  [[[[0.7971 0.0083 0.1377 0.0569]
     [0.3084 0.0705 0.2894 0.3317]
     [0.9435 0.0119 0.0372 0.0075]]

    [[0.7949 0.0088 0.1346 0.0618]
     [0.1442 0.1386 0.2889 0.4283]
     [0.5704 0.0406 0.0237 0.3653]]

    [[0.0576 0.0165 0.0008 0.9252]
     [0.7149 0.0432 0.0877 0.1542]
     [0.3280 0.0285 0.0681 0.5754]]]


   [[[0.0986 0.2282 0.3582 0.3151]
     [0.0092 0.0520 0.9001 0.0387]
     [0.1337 0.4253 0.2596 0.1813]]

    [[0.1166 0.0365 0.0192 0.8277]
     [0.3780 0.0373 0.1002 0.4845]
     [0.1109 0.0583 0.0881 0.7426]]

    [[0.1479 0.0843 0.3679 0.3999]
     [0.1733 0.3085 0.4913 0.0270]
     [0.1634 0.2148 0.1937 0.4281]]]]



  [[[[0.1077 0.0102 0.0382 0.8439]
     [0.6642 0.0600 0.1760 0.0998]
     [0.8651 0.0243 0.0301 0.0806]]

    [[0.1314 0.0359 0.0598 0.7729]
     [0.1831 0.1720 0.2024 0.4425]
     [0.8287 0.0361 0.0032 0.1320]]

    [[0.1080 0.0162 0.0187 0.8571]
     [0.3613 0.0227 0.0692 0.5468]
     [0.8598 0.0093 0.0707 0.0602]]]


   [[[0.1669 0.0859 0.7122 0.0349]
     [0.0138 0.1863 0.7012 0.0987]
     [0.0532 0.2294 0.6579 0.0595]]

    [[0.7332 0.0131 0.0363 0.2175]
     [0.5803 0.1248 0.0300 0.2649]
     [0.9009 0.0106 0.0220 0.0665]]

    [[0.1485 0.1721 0.6535 0.0259]
     [0.2022 0.1460 0.0468 0.6051]
     [0.1086 0.1444 0.1016 0.6453]]]]]




 [[[[[0.4475 0.0376 0.0447 0.4701]
     [0.1295 0.1416 0.3159 0.4130]
     [0.1937 0.0554 0.2686 0.4823]]

    [[0.5970 0.0263 0.0912 0.2855]
     [0.2625 0.2820 0.0547 0.4008]
     [0.1080 0.0835 0.2147 0.5938]]

    [[0.1160 0.0174 0.1412 0.7254]
     [0.2522 0.0835 0.1384 0.5259]
     [0.0446 0.0388 0.0422 0.8743]]]


   [[[0.0981 0.7709 0.1140 0.0170]
     [0.2656 0.1621 0.3925 0.1798]
     [0.0513 0.6448 0.2306 0.0733]]

    [[0.1847 0.0111 0.0290 0.7753]
     [0.8243 0.0945 0.0437 0.0376]
     [0.1980 0.0808 0.0272 0.6940]]

    [[0.3827 0.0144 0.0920 0.5109]
     [0.1185 0.3645 0.1992 0.3177]
     [0.2353 0.3249 0.1936 0.2462]]]]



  [[[[0.8633 0.0229 0.0528 0.0610]
     [0.9082 0.0220 0.0524 0.0175]
     [0.7370 0.0028 0.0174 0.2427]]

    [[0.4707 0.0476 0.0501 0.4316]
     [0.7746 0.0963 0.0413 0.0879]
     [0.9046 0.0220 0.0468 0.0266]]

    [[0.3895 0.0776 0.0121 0.5209]
     [0.0161 0.1718 0.2231 0.5890]
     [0.7184 0.0386 0.0172 0.2258]]]


   [[[0.0455 0.1972 0.6025 0.1548]
     [0.1057 0.0686 0.2373 0.5884]
     [0.0691 0.0785 0.5625 0.2898]]

    [[0.0218 0.0504 0.3169 0.6110]
     [0.2221 0.0195 0.7306 0.0278]
     [0.0166 0.0093 0.1210 0.8531]]

    [[0.1054 0.2791 0.0566 0.5588]
     [0.4654 0.0782 0.1027 0.3537]
     [0.1277 0.2669 0.4704 0.1351]]]]



  [[[[0.0090 0.0157 0.9387 0.0366]
     [0.8469 0.0546 0.0376 0.0609]
     [0.2225 0.0112 0.0400 0.7263]]

    [[0.2355 0.3608 0.1083 0.2954]
     [0.2762 0.0957 0.1364 0.4918]
     [0.7247 0.0453 0.1950 0.0350]]

    [[0.0552 0.1376 0.2023 0.6049]
     [0.1078 0.8044 0.0377 0.0501]
     [0.3866 0.0696 0.1836 0.3601]]]


   [[[0.0518 0.2293 0.6353 0.0835]
     [0.1913 0.0736 0.6671 0.0681]
     [0.0571 0.0050 0.8227 0.1152]]

    [[0.2180 0.0256 0.0771 0.6792]
     [0.2958 0.1183 0.0445 0.5414]
     [0.5073 0.0175 0.0367 0.4384]]

    [[0.5889 0.0889 0.2101 0.1122]
     [0.2991 0.0252 0.0471 0.6287]
     [0.1918 0.0686 0.3560 0.3836]]]]]




 [[[[[0.7279 0.0204 0.1010 0.1506]
     [0.2863 0.0520 0.4035 0.2582]
     [0.9284 0.0031 0.0288 0.0397]]

    [[0.1045 0.0632 0.0696 0.7628]
     [0.8284 0.0572 0.0427 0.0716]
     [0.5480 0.0174 0.0745 0.3601]]

    [[0.4912 0.0677 0.2574 0.1836]
     [0.4512 0.0609 0.0427 0.4452]
     [0.9429 0.0179 0.0097 0.0295]]]


   [[[0.1051 0.1799 0.5205 0.1946]
     [0.0439 0.0458 0.0553 0.8551]
     [0.0613 0.2195 0.2061 0.5130]]

    [[0.6662 0.0064 0.0567 0.2706]
     [0.1421 0.0278 0.0919 0.7382]
     [0.7978 0.0366 0.0313 0.1342]]

    [[0.1330 0.1291 0.2839 0.4540]
     [0.0374 0.1288 0.1889 0.6449]
     [0.1102 0.0175 0.0253 0.8470]]]]



  [[[[0.0430 0.0311 0.6286 0.2973]
     [0.0600 0.0281 0.8892 0.0227]
     [0.9311 0.0064 0.0350 0.0275]]

    [[0.1001 0.0382 0.0467 0.8150]
     [0.9257 0.0294 0.0153 0.0297]
     [0.9877 0.0051 0.0030 0.0043]]

    [[0.8275 0.0383 0.0046 0.1297]
     [0.2327 0.2492 0.2402 0.2779]
     [0.7243 0.0197 0.1247 0.1312]]]


   [[[0.0325 0.0908 0.2144 0.6623]
     [0.0711 0.0632 0.8334 0.0323]
     [0.0186 0.0270 0.9515 0.0028]]

    [[0.3276 0.0282 0.0693 0.5749]
     [0.0307 0.0523 0.0649 0.8522]
     [0.9376 0.0173 0.0035 0.0416]]

    [[0.1013 0.1260 0.6647 0.1080]
     [0.3193 0.1537 0.0603 0.4667]
     [0.9406 0.0177 0.0061 0.0357]]]]



  [[[[0.9265 0.0207 0.0069 0.0459]
     [0.2328 0.0449 0.0290 0.6933]
     [0.6832 0.0117 0.1102 0.1949]]

    [[0.5224 0.0239 0.0541 0.3996]
     [0.2371 0.0508 0.0154 0.6967]
     [0.0925 0.0231 0.0069 0.8775]]

    [[0.3758 0.0664 0.0525 0.5054]
     [0.9775 0.0058 0.0080 0.0087]
     [0.7184 0.0335 0.0091 0.2390]]]


   [[[0.0168 0.0292 0.7846 0.1694]
     [0.1360 0.2126 0.1525 0.4989]
     [0.0285 0.0982 0.0781 0.7951]]

    [[0.7416 0.0316 0.0161 0.2107]
     [0.0167 0.0150 0.0725 0.8957]
     [0.7032 0.0195 0.1305 0.1468]]

    [[0.0457 0.3382 0.1373 0.4788]
     [0.0579 0.0758 0.5471 0.3191]
     [0.5446 0.0491 0.1086 0.2976]]]]]




 [[[[[0.8529 0.0099 0.0951 0.0421]
     [0.3125 0.0385 0.0152 0.6339]
     [0.8004 0.0333 0.0028 0.1635]]

    [[0.5986 0.0754 0.0186 0.3074]
     [0.0429 0.0895 0.8336 0.0339]
     [0.2870 0.0154 0.2489 0.4487]]

    [[0.5965 0.0464 0.0870 0.2701]
     [0.9099 0.0410 0.0122 0.0369]
     [0.7339 0.0345 0.0506 0.1810]]]


   [[[0.0108 0.0196 0.9568 0.0128]
     [0.1164 0.1219 0.6047 0.1571]
     [0.1935 0.2158 0.0326 0.5581]]

    [[0.2914 0.0081 0.0970 0.6035]
     [0.1800 0.1561 0.1284 0.5355]
     [0.0438 0.0111 0.0507 0.8944]]

    [[0.6883 0.0792 0.0997 0.1328]
     [0.4185 0.0511 0.2702 0.2602]
     [0.3148 0.0509 0.0728 0.5615]]]]



  [[[[0.1174 0.0134 0.8391 0.0301]
     [0.7419 0.0663 0.0727 0.1192]
     [0.0202 0.0377 0.0083 0.9338]]

    [[0.4084 0.0328 0.0524 0.5064]
     [0.6284 0.0419 0.0374 0.2923]
     [0.9153 0.0317 0.0288 0.0243]]

    [[0.8725 0.0230 0.0458 0.0587]
     [0.2902 0.1032 0.5107 0.0960]
     [0.1900 0.0230 0.2034 0.5837]]]


   [[[0.1779 0.1579 0.3405 0.3238]
     [0.0687 0.1605 0.6953 0.0755]
     [0.0833 0.2050 0.6704 0.0413]]

    [[0.4818 0.0188 0.0334 0.4660]
     [0.2202 0.2545 0.4026 0.1226]
     [0.1104 0.0498 0.4317 0.4080]]

    [[0.6000 0.2118 0.1242 0.0640]
     [0.4174 0.1392 0.0527 0.3907]
     [0.3284 0.0718 0.1079 0.4920]]]]



  [[[[0.0952 0.0288 0.7999 0.0760]
     [0.7415 0.0398 0.0293 0.1894]
     [0.2725 0.0862 0.0880 0.5533]]

    [[0.1295 0.0458 0.1393 0.6854]
     [0.2811 0.0518 0.0650 0.6022]
     [0.0174 0.0534 0.6813 0.2480]]

    [[0.5608 0.0835 0.0149 0.3408]
     [0.6225 0.1091 0.1314 0.1370]
     [0.9262 0.0110 0.0046 0.0581]]]


   [[[0.2010 0.5487 0.1302 0.1202]
     [0.2531 0.0432 0.1762 0.5275]
     [0.0318 0.7444 0.1564 0.0674]]

    [[0.6202 0.0147 0.0677 0.2974]
     [0.5755 0.1745 0.1080 0.1420]
     [0.7614 0.0201 0.0593 0.1592]]

    [[0.5348 0.0448 0.2931 0.1273]
     [0.1511 0.0237 0.3135 0.5117]
     [0.0545 0.3031 0.2118 0.4306]]]]]]

cpt2: v13 | v0 v5 v9 v12 v14
[[[[[[0.6303 0.0989 0.2421 0.0286]
     [0.1839 0.3723 0.1373 0.3064]
     [0.2305 0.0822 0.5492 0.1381]]

    [[0.3875 0.2154 0.3473 0.0498]
     [0.3779 0.1773 0.2625 0.1823]
     [0.2938 0.3967 0.2208 0.0888]]

    [[0.0420 0.1816 0.1160 0.6605]
     [0.1445 0.5700 0.0360 0.2495]
     [0.2709 0.0576 0.6173 0.0541]]]


   [[[0.1962 0.0395 0.6322 0.1321]
     [0.8708 0.0224 0.0427 0.0641]
     [0.1551 0.2365 0.2781 0.3303]]

    [[0.8761 0.0391 0.0126 0.0722]
     [0.1281 0.0814 0.0707 0.7198]
     [0.3441 0.3021 0.1953 0.1585]]

    [[0.1770 0.1125 0.3941 0.3164]
     [0.1504 0.6864 0.0734 0.0897]
     [0.1088 0.5681 0.1076 0.2156]]]]



  [[[[0.5559 0.0625 0.2157 0.1659]
     [0.1383 0.5482 0.1686 0.1449]
     [0.5997 0.1664 0.1891 0.0448]]

    [[0.4179 0.0408 0.3554 0.1860]
     [0.0743 0.5837 0.1469 0.1951]
     [0.3281 0.3354 0.1010 0.2355]]

    [[0.0846 0.2664 0.0030 0.6459]
     [0.3458 0.1978 0.3271 0.1294]
     [0.1821 0.2368 0.2581 0.3229]]]


   [[[0.3171 0.3201 0.1243 0.2385]
     [0.0526 0.3234 0.4468 0.1773]
     [0.3876 0.4324 0.0818 0.0982]]

    [[0.1355 0.6494 0.0546 0.1605]
     [0.2991 0.1591 0.3305 0.2113]
     [0.0987 0.3634 0.2791 0.2587]]

    [[0.2240 0.1371 0.3388 0.3000]
     [0.1749 0.4727 0.3305 0.0220]
     [0.1887 0.4989 0.1517 0.1607]]]]



  [[[[0.1483 0.1638 0.1348 0.5530]
     [0.2575 0.3080 0.3737 0.0608]
     [0.4107 0.2702 0.1643 0.1548]]

    [[0.1263 0.2608 0.2327 0.3803]
     [0.0954 0.5659 0.1405 0.1982]
     [0.3949 0.2194 0.0150 0.3706]]

    [[0.0927 0.1279 0.0785 0.7009]
     [0.1865 0.0777 0.2255 0.5103]
     [0.3607 0.0504 0.3267 0.2622]]]


   [[[0.5479 0.1333 0.2778 0.0410]
     [0.0303 0.3264 0.4553 0.1880]
     [0.1356 0.5840 0.2019 0.0784]]

    [[0.5242 0.1622 0.1362 0.1774]
     [0.1316 0.7084 0.0514 0.1086]
     [0.6145 0.1435 0.0720 0.1701]]

    [[0.1684 0.1917 0.6196 0.0203]
     [0.2172 0.3182 0.0462 0.4183]
     [0.1322 0.4161 0.1380 0.3137]]]]]




 [[[[[0.3136 0.2806 0.1130 0.2928]
     [0.0597 0.5689 0.1600 0.2114]
     [0.0828 0.3723 0.3208 0.2241]]

    [[0.2818 0.0706 0.1933 0.4543]
     [0.1316 0.6463 0.0323 0.1898]
     [0.0603 0.3996 0.2451 0.2950]]

    [[0.0610 0.0658 0.3675 0.5056]
     [0.1317 0.2164 0.3276 0.3243]
     [0.0288 0.2020 0.1747 0.5945]]]


   [[[0.2026 0.7179 0.0592 0.0203]
     [0.3972 0.2082 0.2730 0.1216]
     [0.0797 0.7504 0.0950 0.0749]]

    [[0.2607 0.1100 0.1796 0.4497]
     [0.3800 0.4813 0.0954 0.0433]
     [0.0698 0.7385 0.0730 0.1186]]

    [[0.4765 0.0358 0.2152 0.2725]
     [0.0837 0.5797 0.1385 0.1981]
     [0.1751 0.5028 0.1984 0.1236]]]]



  [[[[0.4778 0.2007 0.1759 0.1455]
     [0.5981 0.1118 0.2359 0.0543]
     [0.1820 0.0094 0.0360 0.7726]]

    [[0.3096 0.2216 0.1812 0.2877]
     [0.4708 0.3125 0.1269 0.0897]
     [0.5118 0.1229 0.2428 0.1226]]

    [[0.2056 0.4425 0.0262 0.3257]
     [0.0131 0.2919 0.2029 0.4920]
     [0.3299 0.1836 0.0623 0.4243]]]


   [[[0.1354 0.4771 0.1666 0.2209]
     [0.1754 0.1343 0.1585 0.5318]
     [0.2278 0.1310 0.1974 0.4439]]

    [[0.0143 0.0537 0.7910 0.1409]
     [0.2774 0.0317 0.6577 0.0331]
     [0.0269 0.0287 0.3297 0.6147]]

    [[0.0899 0.6016 0.0407 0.2678]
     [0.4689 0.1459 0.0967 0.2885]
     [0.1176 0.5263 0.2673 0.0888]]]]



  [[[[0.0145 0.1643 0.7432 0.0780]
     [0.5064 0.2461 0.1417 0.1058]
     [0.1078 0.0551 0.1596 0.6775]]

    [[0.0813 0.7982 0.0332 0.0872]
     [0.1446 0.2315 0.3407 0.2832]
     [0.2549 0.1343 0.5925 0.0183]]

    [[0.0304 0.3420 0.1575 0.4702]
     [0.0453 0.9157 0.0177 0.0213]
     [0.1321 0.1982 0.4949 0.1748]]]


   [[[0.1067 0.5160 0.2710 0.1063]
     [0.2867 0.1557 0.4829 0.0747]
     [0.1651 0.0112 0.5299 0.2937]]

    [[0.2239 0.1116 0.3856 0.2789]
     [0.2524 0.2851 0.0423 0.4202]
     [0.4397 0.0576 0.0686 0.4342]]

    [[0.5160 0.1729 0.2356 0.0755]
     [0.3390 0.0458 0.0550 0.5602]
     [0.2240 0.1484 0.3309 0.2967]]]]]




 [[[[[0.4005 0.1447 0.1976 0.2572]
     [0.1230 0.2558 0.4774 0.1438]
     [0.5102 0.0293 0.1543 0.3062]]

    [[0.0943 0.5055 0.0777 0.3224]
     [0.4879 0.2234 0.1599 0.1288]
     [0.2535 0.0835 0.2566 0.4063]]

    [[0.2236 0.3439 0.3453 0.0872]
     [0.2470 0.2420 0.1379 0.3731]
     [0.5721 0.1437 0.0616 0.2227]]]


   [[[0.3405 0.2653 0.1941 0.2001]
     [0.1641 0.0988 0.0706 0.6666]
     [0.1923 0.2902 0.0928 0.4247]]

    [[0.4975 0.0495 0.2313 0.2217]
     [0.1252 0.0872 0.5470 0.2406]
     [0.2512 0.5343 0.0954 0.1191]]

    [[0.1497 0.1889 0.4170 0.2444]
     [0.0471 0.2496 0.2486 0.4548]
     [0.2943 0.0680 0.0722 0.5655]]]]



  [[[[0.0409 0.3492 0.2875 0.3225]
     [0.0695 0.3364 0.5611 0.0330]
     [0.5387 0.0732 0.1859 0.2022]]

    [[0.0946 0.4243 0.1142 0.3670]
     [0.6180 0.1517 0.0763 0.1540]
     [0.8621 0.0632 0.0292 0.0455]]

    [[0.4401 0.3729 0.0187 0.1683]
     [0.0641 0.7779 0.0740 0.0839]
     [0.2758 0.1211 0.5059 0.0972]]]


   [[[0.1553 0.1435 0.0817 0.6195]
     [0.3642 0.2268 0.3219 0.0870]
     [0.2002 0.3163 0.4616 0.0219]]

    [[0.3469 0.2101 0.2176 0.2254]
     [0.0575 0.3387 0.1975 0.4063]
     [0.6544 0.2422 0.0103 0.0930]]

    [[0.1893 0.2328 0.4476 0.1303]
     [0.3425 0.3428 0.0480 0.2667]
     [0.9016 0.0509 0.0078 0.0397]]]]



  [[[[0.5139 0.2505 0.0362 0.1994]
     [0.1215 0.2622 0.0983 0.5181]
     [0.2627 0.0829 0.4526 0.2018]]

    [[0.2484 0.0943 0.1816 0.4757]
     [0.1709 0.1955 0.0581 0.5755]
     [0.0763 0.1826 0.0389 0.7022]]

    [[0.1732 0.3918 0.1280 0.3069]
     [0.9012 0.0264 0.0356 0.0368]
     [0.3048 0.2006 0.0435 0.4510]]]


   [[[0.0747 0.0706 0.2838 0.5708]
     [0.3006 0.2862 0.0891 0.3241]
     [0.1045 0.1666 0.0468 0.6821]]

    [[0.2942 0.3289 0.0474 0.3296]
     [0.0406 0.0577 0.2339 0.6678]
     [0.3714 0.0727 0.4714 0.0845]]

    [[0.0462 0.5472 0.1458 0.2608]
     [0.0742 0.1668 0.4545 0.3045]
     [0.6224 0.1027 0.1293 0.1456]]]]]




 [[[[[0.4955 0.0589 0.2696 0.1760]
     [0.1982 0.1740 0.0452 0.5825]
     [0.3755 0.2792 0.0118 0.3335]]

    [[0.3888 0.3292 0.0600 0.2220]
     [0.0370 0.3823 0.5504 0.0303]
     [0.1092 0.0490 0.6737 0.1681]]

    [[0.3189 0.2090 0.2677 0.2044]
     [0.6941 0.1510 0.0382 0.1167]
     [0.3485 0.1527 0.2031 0.2956]]]


   [[[0.0621 0.1010 0.7737 0.0632]
     [0.2014 0.2202 0.3983 0.1800]
     [0.4765 0.2844 0.0248 0.2143]]

    [[0.1991 0.0253 0.5458 0.2298]
     [0.1231 0.4213 0.2440 0.2116]
     [0.0668 0.0705 0.2238 0.6389]]

    [[0.5049 0.2128 0.1892 0.0931]
     [0.4121 0.0937 0.2731 0.2211]
     [0.3718 0.1385 0.1249 0.3649]]]]



  [[[[0.1088 0.1324 0.7192 0.0395]
     [0.3616 0.3177 0.2086 0.1121]
     [0.0161 0.2243 0.0152 0.7444]]

    [[0.2698 0.1592 0.1933 0.3777]
     [0.2878 0.1054 0.0803 0.5265]
     [0.5452 0.2081 0.1584 0.0883]]

    [[0.4829 0.1230 0.1863 0.2078]
     [0.1226 0.2111 0.6075 0.0588]
     [0.0754 0.0737 0.5806 0.2703]]]


   [[[0.5569 0.1621 0.1244 0.1567]
     [0.1152 0.4311 0.3555 0.0982]
     [0.2278 0.5284 0.1874 0.0564]]

    [[0.4501 0.0992 0.0893 0.3614]
     [0.1665 0.4409 0.3038 0.0888]
     [0.0683 0.0685 0.7053 0.1578]]

    [[0.4134 0.4359 0.1047 0.0460]
     [0.3973 0.2311 0.0526 0.3191]
     [0.4065 0.1672 0.1068 0.3195]]]]



  [[[[0.0746 0.2416 0.6082 0.0756]
     [0.3520 0.1388 0.0829 0.4264]
     [0.0945 0.5500 0.1122 0.2432]]

    [[0.0687 0.1723 0.4554 0.3035]
     [0.1810 0.1605 0.1982 0.4603]
     [0.0114 0.1693 0.6453 0.1740]]

    [[0.2858 0.3971 0.0404 0.2767]
     [0.3214 0.2800 0.2961 0.1025]
     [0.6542 0.0499 0.0161 0.2799]]]


   [[[0.3491 0.5159 0.0610 0.0740]
     [0.3463 0.0775 0.1669 0.4093]
     [0.0410 0.8257 0.0716 0.0616]]

    [[0.4945 0.0588 0.2194 0.2273]
     [0.3935 0.3962 0.0957 0.1146]
     [0.6084 0.0784 0.1335 0.1797]]

    [[0.5058 0.0807 0.3181 0.0955]
     [0.1649 0.0312 0.2948 0.5091]
     [0.0449 0.5864 0.1361 0.2326]]]]]]

thres1: v13 | v0 v5 v9 v12 v14
[[[[[0.8644 0.3306 0.7370]
    [0.6416 0.6807 0.4255]
    [0.1576 0.2023 0.8245]]

   [[0.8325 0.9749 0.3961]
    [0.9573 0.6114 0.5325]
    [0.6114 0.1797 0.1607]]]


  [[[0.8989 0.2015 0.7828]
    [0.9111 0.1205 0.4945]
    [0.2411 0.6362 0.4347]]

   [[0.4976 0.1403 0.4726]
    [0.2244 0.6528 0.2137]
    [0.6203 0.2700 0.2744]]]


  [[[0.4752 0.4553 0.6032]
    [0.3263 0.1450 0.6429]
    [0.4200 0.7060 0.8773]]

   [[0.8043 0.1037 0.1887]
    [0.7637 0.1567 0.8107]
    [0.4677 0.4057 0.2411]]]]



 [[[[0.5278 0.1025 0.1819]
    [0.7996 0.1692 0.1328]
    [0.4810 0.3783 0.1256]]

   [[0.2201 0.6561 0.0949]
    [0.7032 0.4412 0.1021]
    [0.9301 0.1261 0.2583]]]


  [[[0.7042 0.8425 0.9509]
    [0.5828 0.6011 0.8064]
    [0.3173 0.0423 0.6425]]

   [[0.2210 0.5665 0.6349]
    [0.2105 0.8973 0.4839]
    [0.1300 0.7626 0.1826]]]


  [[[0.1097 0.6730 0.6617]
    [0.1129 0.3845 0.6550]
    [0.0928 0.0382 0.4000]]

   [[0.1714 0.6480 0.9362]
    [0.6673 0.4696 0.8842]
    [0.7490 0.8810 0.6014]]]]



 [[[[0.7346 0.3248 0.9456]
    [0.2525 0.6859 0.7522]
    [0.3940 0.5051 0.7993]]

   [[0.5621 0.6241 0.3985]
    [0.9094 0.5893 0.3198]
    [0.4420 0.1586 0.8124]]]


  [[[0.2206 0.1712 0.8804]
    [0.1822 0.8029 0.9317]
    [0.5413 0.0906 0.6948]]

   [[0.5196 0.6162 0.3876]
    [0.6228 0.1451 0.7298]
    [0.4485 0.4998 0.9465]]]


  [[[0.6723 0.3167 0.7601]
    [0.7248 0.4664 0.2946]
    [0.3066 0.9715 0.6031]]

   [[0.5140 0.5123 0.3854]
    [0.4721 0.4126 0.8363]
    [0.1025 0.3079 0.8584]]]]



 [[[[0.8938 0.5324 0.5735]
    [0.5415 0.0907 0.6902]
    [0.6041 0.8213 0.6953]]

   [[0.3806 0.4777 0.6262]
    [0.8872 0.2262 0.4865]
    [0.7035 0.8148 0.7286]]]


  [[[0.4512 0.5324 0.1075]
    [0.6290 0.7320 0.7237]
    [0.7970 0.3674 0.5055]]

   [[0.7746 0.2108 0.3012]
    [0.8195 0.2741 0.4992]
    [0.4867 0.6323 0.7085]]]


  [[[0.2359 0.7173 0.1468]
    [0.2851 0.5300 0.0793]
    [0.4185 0.5343 0.9291]]

   [[0.4035 0.8171 0.0548]
    [0.8938 0.4983 0.8859]
    [0.8624 0.8409 0.0722]]]]]

cpt: v4 | v13
[[0.8737 0.0052 0.1111 0.0022 0.0079]
 [0.3118 0.0796 0.5117 0.0783 0.0185]
 [0.1081 0.0100 0.8470 0.0226 0.0124]
 [0.5853 0.0278 0.3729 0.0082 0.0058]]

