cpt: v9 | v1 v3 v8
[[[[0.7056 0.2944]
   [0.8044 0.1956]]

  [[0.3174 0.6826]
   [0.8726 0.1274]]]


 [[[0.4426 0.5574]
   [0.4677 0.5323]]

  [[0.3268 0.6732]
   [0.9917 0.0083]]]


 [[[0.6472 0.3528]
   [0.7288 0.2712]]

  [[0.2080 0.7920]
   [0.3197 0.6803]]]


 [[[0.3436 0.6564]
   [0.8326 0.1674]]

  [[0.5688 0.4312]
   [0.1742 0.8258]]]]

cpt: v3 | 
[0.2116 0.0886 0.1040 0.5959]

cpt: v8 | 
[0.7042 0.2958]

cpt: v1 | v0
[[0.7024 0.2976]
 [0.8040 0.1960]]

cpt: v0 | 
[0.7047 0.2953]

cpt: v6 | v5 v9
[[[0.3284 0.6195 0.0521]
  [0.7117 0.0678 0.2206]]

 [[0.3735 0.4857 0.1408]
  [0.3241 0.2324 0.4434]]]

cpt: v5 | 
[0.7025 0.2975]

cpt1: v7 | v6
[[0.5231 0.2195 0.2574]
 [0.9720 0.0166 0.0114]
 [0.2230 0.7409 0.0361]]

cpt2: v7 | v6
[[0.5230 0.2196 0.2574]
 [0.6889 0.1470 0.1641]
 [0.6080 0.3578 0.0342]]

cpt3: v7 | v6
[[0.5083 0.2384 0.2533]
 [0.5825 0.2390 0.1784]
 [0.3954 0.5509 0.0537]]

cpt4: v7 | v6
[[0.9537 0.0232 0.0231]
 [0.5825 0.2393 0.1782]
 [0.3003 0.6418 0.0580]]

cpt5: v7 | v6
[[0.1570 0.2849 0.5580]
 [0.5835 0.2348 0.1817]
 [0.2985 0.6436 0.0579]]

cpt6: v7 | v6
[[0.1743 0.2271 0.5986]
 [0.6455 0.1584 0.1961]
 [0.2985 0.6436 0.0579]]

thres1: v7 | v6
[0.0592 0.7794 0.0158]

thres2: v7 | v6
[0.0849 0.7920 0.5887]

thres3: v7 | v6
[0.1134 0.8061 0.5981]

thres4: v7 | v6
[0.6244 0.8110 0.6128]

thres5: v7 | v6
[0.7393 0.8243 0.7455]

cpt1: v11 | v6
[[0.7044 0.2956]
 [0.0890 0.9110]
 [0.8863 0.1137]]

cpt2: v11 | v6
[[0.6254 0.3746]
 [0.7922 0.2078]
 [0.3129 0.6871]]

cpt3: v11 | v6
[[0.4890 0.5110]
 [0.7350 0.2650]
 [0.3823 0.6177]]

cpt4: v11 | v6
[[0.5413 0.4587]
 [0.7324 0.2676]
 [0.3173 0.6827]]

cpt5: v11 | v6
[[0.7865 0.2135]
 [0.7598 0.2402]
 [0.3169 0.6831]]

cpt6: v11 | v6
[[0.8498 0.1502]
 [0.8044 0.1956]
 [0.3169 0.6831]]

thres1: v11 | v6
[0.1332 0.7631 0.1209]

thres2: v11 | v6
[0.1909 0.7776 0.4874]

thres3: v11 | v6
[0.2523 0.7939 0.5060]

thres4: v11 | v6
[0.5811 0.7993 0.5324]

thres5: v11 | v6
[0.7003 0.8146 0.7066]

cpt: v10 | 
[0.8149 0.0875 0.0977]

cpt: v2 | 
[0.6315 0.1334 0.2352]

cpt1: v4 | v2 v7 v10
[[[[0.9073 0.0563 0.0364]
   [0.7922 0.0928 0.1150]
   [0.6777 0.2993 0.0229]]

  [[0.5699 0.0826 0.3475]
   [0.5563 0.3688 0.0749]
   [0.4632 0.2457 0.2911]]

  [[0.3491 0.3752 0.2757]
   [0.9825 0.0037 0.0137]
   [0.8700 0.0923 0.0377]]]


 [[[0.2127 0.1030 0.6843]
   [0.2202 0.6137 0.1662]
   [0.3396 0.4370 0.2233]]

  [[0.3286 0.4644 0.2070]
   [0.9170 0.0729 0.0101]
   [0.8343 0.1406 0.0251]]

  [[0.0665 0.2491 0.6844]
   [0.1644 0.2884 0.5472]
   [0.8392 0.0465 0.1143]]]


 [[[0.1498 0.0935 0.7567]
   [0.4704 0.3439 0.1857]
   [0.9798 0.0111 0.0091]]

  [[0.6610 0.0888 0.2501]
   [0.1750 0.0273 0.7976]
   [0.8495 0.1071 0.0434]]

  [[0.3477 0.6171 0.0351]
   [0.1690 0.1220 0.7090]
   [0.2688 0.2874 0.4437]]]]

cpt2: v4 | v2 v7 v10
[[[[0.3773 0.1372 0.4854]
   [0.6468 0.1572 0.1959]
   [0.5612 0.3882 0.0505]]

  [[0.6798 0.0992 0.2210]
   [0.4775 0.4284 0.0941]
   [0.7913 0.1683 0.0404]]

  [[0.0438 0.1689 0.7873]
   [0.9681 0.0081 0.0238]
   [0.5593 0.3057 0.1350]]]


 [[[0.0703 0.0414 0.8883]
   [0.2347 0.6158 0.1495]
   [0.6295 0.2541 0.1165]]

  [[0.2951 0.5730 0.1318]
   [0.8188 0.1644 0.0167]
   [0.5221 0.3988 0.0792]]

  [[0.1179 0.3799 0.5022]
   [0.1396 0.3661 0.4944]
   [0.5086 0.1239 0.3675]]]


 [[[0.4198 0.1386 0.4416]
   [0.5030 0.3637 0.1333]
   [0.8698 0.0614 0.0688]]

  [[0.7404 0.0968 0.1628]
   [0.1802 0.0322 0.7876]
   [0.5208 0.3066 0.1726]]

  [[0.3667 0.6076 0.0257]
   [0.1555 0.1636 0.6808]
   [0.3894 0.2687 0.3419]]]]

cpt3: v4 | v2 v7 v10
[[[[0.1755 0.1288 0.6957]
   [0.6468 0.1572 0.1959]
   [0.2985 0.6436 0.0579]]

  [[0.6798 0.0992 0.2210]
   [0.4080 0.5153 0.0767]
   [0.6285 0.3094 0.0621]]

  [[0.2387 0.4921 0.2693]
   [0.9681 0.0081 0.0238]
   [0.5593 0.3058 0.1350]]]


 [[[0.1336 0.0699 0.7965]
   [0.1618 0.6167 0.2215]
   [0.3316 0.3796 0.2888]]

  [[0.2951 0.5730 0.1318]
   [0.8188 0.1644 0.0167]
   [0.5221 0.3988 0.0792]]

  [[0.0717 0.3398 0.5885]
   [0.1126 0.3336 0.5538]
   [0.5086 0.1239 0.3675]]]


 [[[0.2743 0.1267 0.5990]
   [0.3555 0.3716 0.2729]
   [0.8698 0.0614 0.0688]]

  [[0.7404 0.0968 0.1628]
   [0.1495 0.0276 0.8230]
   [0.5208 0.3066 0.1726]]

  [[0.3032 0.6724 0.0244]
   [0.1284 0.1282 0.7434]
   [0.0713 0.1730 0.7557]]]]

cpt4: v4 | v2 v7 v10
[[[[0.1014 0.1885 0.7101]
   [0.6468 0.1572 0.1959]
   [0.2985 0.6436 0.0579]]

  [[0.6798 0.0992 0.2210]
   [0.4080 0.5153 0.0767]
   [0.3345 0.3805 0.2849]]

  [[0.2387 0.4921 0.2693]
   [0.9681 0.0081 0.0238]
   [0.5593 0.3058 0.1350]]]


 [[[0.2769 0.1030 0.6201]
   [0.1618 0.6167 0.2215]
   [0.1827 0.3888 0.4285]]

  [[0.2951 0.5730 0.1318]
   [0.8188 0.1644 0.0167]
   [0.5221 0.3988 0.0792]]

  [[0.0717 0.3398 0.5885]
   [0.1126 0.3336 0.5538]
   [0.5086 0.1239 0.3675]]]


 [[[0.2706 0.1261 0.6033]
   [0.3555 0.3716 0.2729]
   [0.8698 0.0614 0.0688]]

  [[0.7404 0.0968 0.1628]
   [0.1495 0.0276 0.8230]
   [0.5208 0.3066 0.1726]]

  [[0.3032 0.6724 0.0244]
   [0.1265 0.1260 0.7475]
   [0.0713 0.1738 0.7549]]]]

cpt5: v4 | v2 v7 v10
[[[[0.3988 0.1582 0.4430]
   [0.6468 0.1572 0.1959]
   [0.2985 0.6436 0.0579]]

  [[0.6798 0.0992 0.2210]
   [0.4080 0.5153 0.0767]
   [0.3345 0.3805 0.2850]]

  [[0.2387 0.4921 0.2693]
   [0.9681 0.0081 0.0238]
   [0.5593 0.3058 0.1350]]]


 [[[0.2769 0.1030 0.6201]
   [0.1618 0.6167 0.2215]
   [0.1827 0.3888 0.4285]]

  [[0.2951 0.5730 0.1318]
   [0.8188 0.1644 0.0167]
   [0.5221 0.3988 0.0792]]

  [[0.0717 0.3398 0.5885]
   [0.1126 0.3336 0.5538]
   [0.5086 0.1239 0.3675]]]


 [[[0.2706 0.1261 0.6033]
   [0.3555 0.3716 0.2729]
   [0.8698 0.0614 0.0688]]

  [[0.7404 0.0968 0.1628]
   [0.1495 0.0276 0.8230]
   [0.5208 0.3066 0.1726]]

  [[0.3032 0.6724 0.0244]
   [0.1265 0.1260 0.7475]
   [0.0713 0.1738 0.7549]]]]

cpt6: v4 | v2 v7 v10
[[[[0.5231 0.2195 0.2574]
   [0.6468 0.1572 0.1959]
   [0.2985 0.6436 0.0579]]

  [[0.6798 0.0992 0.2210]
   [0.4080 0.5153 0.0767]
   [0.3345 0.3805 0.2850]]

  [[0.2387 0.4921 0.2693]
   [0.9681 0.0081 0.0238]
   [0.5593 0.3058 0.1350]]]


 [[[0.2769 0.1030 0.6201]
   [0.1618 0.6167 0.2215]
   [0.1827 0.3888 0.4285]]

  [[0.2951 0.5730 0.1318]
   [0.8188 0.1644 0.0167]
   [0.5221 0.3988 0.0792]]

  [[0.0717 0.3398 0.5885]
   [0.1126 0.3336 0.5538]
   [0.5086 0.1239 0.3675]]]


 [[[0.2706 0.1261 0.6033]
   [0.3555 0.3716 0.2729]
   [0.8698 0.0614 0.0688]]

  [[0.7404 0.0968 0.1628]
   [0.1495 0.0276 0.8230]
   [0.5208 0.3066 0.1726]]

  [[0.3032 0.6724 0.0244]
   [0.1265 0.1260 0.7475]
   [0.0713 0.1738 0.7549]]]]

thres1: v4 | v2 v7 v10
[[[0.1383 0.5126 0.4610]
  [0.4318 0.1855 0.0092]
  [0.0640 0.8950 0.2108]]

 [[0.1092 0.0821 0.0133]
  [0.2398 0.6811 0.2554]
  [0.1424 0.0199 0.3434]]

 [[0.3402 0.0907 0.2870]
  [0.5570 0.0766 0.3828]
  [0.1111 0.0380 0.0078]]]

thres2: v4 | v2 v7 v10
[[[0.1586 0.5734 0.5968]
  [0.4676 0.3263 0.1229]
  [0.3202 0.8958 0.3016]]

 [[0.2051 0.5561 0.1521]
  [0.5937 0.7247 0.4007]
  [0.3670 0.1553 0.3984]]

 [[0.3776 0.2318 0.3014]
  [0.5892 0.0947 0.5219]
  [0.3513 0.0987 0.1167]]]

thres3: v4 | v2 v7 v10
[[[0.1884 0.6396 0.6065]
  [0.5423 0.3451 0.1735]
  [0.4188 0.8981 0.3371]]

 [[0.4983 0.6325 0.2357]
  [0.6372 0.7285 0.4239]
  [0.6335 0.3569 0.5477]]

 [[0.4990 0.3186 0.3173]
  [0.6396 0.7771 0.5825]
  [0.3575 0.4834 0.5539]]]

thres4: v4 | v2 v7 v10
[[[0.5564 0.6556 0.6204]
  [0.6266 0.4293 0.6384]
  [0.5872 0.9031 0.4800]]

 [[0.5113 0.6662 0.5176]
  [0.6858 0.7387 0.5052]
  [0.6783 0.6555 0.6248]]

 [[0.5156 0.5188 0.4756]
  [0.6905 0.7858 0.6307]
  [0.7230 0.5810 0.7157]]]

thres5: v4 | v2 v7 v10
[[[0.7114 0.7118 0.7068]
  [0.6941 0.7062 0.7309]
  [0.6811 0.9057 0.6920]]

 [[0.7011 0.7122 0.7002]
  [0.7027 0.7729 0.6881]
  [0.6952 0.7034 0.6827]]

 [[0.6972 0.6859 0.7054]
  [0.7234 0.8096 0.6860]
  [0.7341 0.6996 0.7227]]]

