cpt: v9 | v1 v3 v8
[[[[0.1388 0.8612]
   [0.9658 0.0342]]

  [[0.6567 0.3433]
   [0.2163 0.7837]]]


 [[[0.5038 0.4962]
   [0.3482 0.6518]]

  [[0.2813 0.7187]
   [0.8519 0.1481]]]


 [[[0.3889 0.6111]
   [0.4332 0.5668]]

  [[0.2174 0.7826]
   [0.8531 0.1469]]]


 [[[0.1836 0.8164]
   [0.7777 0.2223]]

  [[0.2315 0.7685]
   [0.2100 0.7900]]]]

cpt: v3 | 
[0.0966 0.5944 0.2882 0.0208]

cpt: v8 | 
[0.1399 0.8601]

cpt: v1 | v0
[[0.1385 0.8615]
 [0.9657 0.0343]]

cpt: v0 | 
[0.1397 0.8603]

cpt: v6 | v5 v9
[[[0.0286 0.6786 0.2928]
  [0.5647 0.0048 0.4305]]

 [[0.8678 0.0271 0.1050]
  [0.0256 0.1445 0.8299]]]

cpt: v5 | 
[0.1384 0.8616]

cpt1: v7 | v6
[[0.2180 0.2664 0.5156]
 [0.3969 0.0213 0.5818]
 [0.8881 0.0251 0.0867]]

cpt2: v7 | v6
[[0.0223 0.9131 0.0646]
 [0.8340 0.0063 0.1597]
 [0.9136 0.0310 0.0554]]

cpt3: v7 | v6
[[0.0058 0.9792 0.0151]
 [0.9676 0.0010 0.0314]
 [0.1812 0.1955 0.6232]]

cpt4: v7 | v6
[[0.0702 0.7435 0.1863]
 [0.6812 0.0079 0.3109]
 [0.2338 0.1795 0.5867]]

cpt5: v7 | v6
[[0.0968 0.6118 0.2914]
 [0.8188 0.0116 0.1696]
 [0.4436 0.0501 0.5063]]

thres1: v7 | v6
[0.2500 0.3091 0.0242]

thres2: v7 | v6
[0.7376 0.3235 0.0946]

thres3: v7 | v6
[0.7618 0.7171 0.7120]

thres4: v7 | v6
[0.7636 0.7420 0.7759]

cpt1: v11 | v6
[[0.8347 0.1653]
 [0.2751 0.7249]
 [0.1888 0.8112]]

cpt2: v11 | v6
[[0.9165 0.0835]
 [0.7084 0.2916]
 [0.1134 0.8866]]

cpt3: v11 | v6
[[0.3338 0.6662]
 [0.1650 0.8350]
 [0.0653 0.9347]]

cpt4: v11 | v6
[[0.1387 0.8613]
 [0.8218 0.1782]
 [0.7216 0.2784]]

cpt5: v11 | v6
[[0.1387 0.8613]
 [0.9341 0.0659]
 [0.8829 0.1171]]

thres1: v11 | v6
[0.0064 0.5819 0.7300]

thres2: v11 | v6
[0.8952 0.5854 0.7413]

thres3: v11 | v6
[0.9049 0.7411 0.7910]

thres4: v11 | v6
[0.9055 0.7500 0.7986]

cpt: v10 | 
[0.0954 0.8178 0.0869]

cpt: v2 | 
[0.2392 0.6779 0.0829]

cpt1: v4 | v2 v7 v10
[[[[0.1374 0.2644 0.5982]
   [0.9028 0.0042 0.0931]
   [0.5858 0.1010 0.3132]]

  [[0.0480 0.0569 0.8951]
   [0.6969 0.1992 0.1039]
   [0.2807 0.2914 0.4279]]

  [[0.5234 0.2427 0.2339]
   [0.9639 0.0150 0.0211]
   [0.4244 0.1957 0.3799]]]


 [[[0.1513 0.1352 0.7134]
   [0.4607 0.4719 0.0674]
   [0.5357 0.0328 0.4316]]

  [[0.0373 0.1020 0.8607]
   [0.8779 0.0552 0.0669]
   [0.2758 0.3464 0.3779]]

  [[0.4811 0.3511 0.1678]
   [0.3808 0.5344 0.0848]
   [0.5944 0.2437 0.1619]]]


 [[[0.9565 0.0056 0.0380]
   [0.7400 0.2369 0.0231]
   [0.4768 0.2306 0.2926]]

  [[0.7241 0.1337 0.1422]
   [0.6463 0.2193 0.1344]
   [0.2798 0.1028 0.6174]]

  [[0.9139 0.0438 0.0423]
   [0.1199 0.1842 0.6959]
   [0.3186 0.4212 0.2603]]]]

cpt2: v4 | v2 v7 v10
[[[[0.1001 0.5491 0.3508]
   [0.5448 0.0193 0.4359]
   [0.3378 0.1785 0.4837]]

  [[0.0260 0.0663 0.9077]
   [0.3630 0.3693 0.2676]
   [0.2533 0.2708 0.4760]]

  [[0.2188 0.5915 0.1896]
   [0.7360 0.1277 0.1363]
   [0.2061 0.3212 0.4727]]]


 [[[0.2081 0.1327 0.6592]
   [0.2627 0.6689 0.0684]
   [0.3880 0.0667 0.5453]]

  [[0.1030 0.1237 0.7733]
   [0.6427 0.2733 0.0840]
   [0.2026 0.4575 0.3399]]

  [[0.2047 0.6825 0.1129]
   [0.3675 0.5429 0.0896]
   [0.3119 0.4914 0.1967]]]


 [[[0.8183 0.0320 0.1496]
   [0.2222 0.7490 0.0288]
   [0.2432 0.4349 0.3219]]

  [[0.3399 0.4217 0.2384]
   [0.2513 0.5056 0.2431]
   [0.3132 0.1636 0.5232]]

  [[0.5894 0.2609 0.1497]
   [0.1177 0.4620 0.4203]
   [0.1853 0.5953 0.2194]]]]

cpt3: v4 | v2 v7 v10
[[[[0.0977 0.6067 0.2956]
   [0.5448 0.0193 0.4359]
   [0.3378 0.1785 0.4837]]

  [[0.0498 0.1066 0.8436]
   [0.3615 0.3602 0.2782]
   [0.1718 0.3215 0.5067]]

  [[0.2188 0.5916 0.1896]
   [0.7360 0.1277 0.1363]
   [0.2040 0.3223 0.4736]]]


 [[[0.2395 0.3133 0.4472]
   [0.1999 0.7371 0.0630]
   [0.3880 0.0667 0.5453]]

  [[0.0117 0.0511 0.9372]
   [0.6616 0.1770 0.1614]
   [0.1580 0.5254 0.3166]]

  [[0.1871 0.7038 0.1091]
   [0.1347 0.7941 0.0712]
   [0.3119 0.4914 0.1967]]]


 [[[0.8183 0.0320 0.1496]
   [0.2214 0.7499 0.0287]
   [0.2315 0.4456 0.3230]]

  [[0.3397 0.4220 0.2383]
   [0.2487 0.5083 0.2430]
   [0.1543 0.1717 0.6740]]

  [[0.5894 0.2609 0.1497]
   [0.0470 0.5067 0.4464]
   [0.1378 0.6460 0.2161]]]]

cpt4: v4 | v2 v7 v10
[[[[0.0977 0.6067 0.2956]
   [0.5448 0.0193 0.4359]
   [0.3378 0.1785 0.4837]]

  [[0.0555 0.2009 0.7436]
   [0.3615 0.3602 0.2782]
   [0.1718 0.3215 0.5067]]

  [[0.2188 0.5916 0.1896]
   [0.7360 0.1277 0.1363]
   [0.2040 0.3223 0.4736]]]


 [[[0.2395 0.3132 0.4473]
   [0.1999 0.7371 0.0630]
   [0.3880 0.0667 0.5453]]

  [[0.0435 0.1935 0.7630]
   [0.6074 0.1737 0.2189]
   [0.1580 0.5254 0.3166]]

  [[0.1871 0.7038 0.1091]
   [0.1347 0.7941 0.0712]
   [0.3119 0.4914 0.1967]]]


 [[[0.8183 0.0320 0.1496]
   [0.2214 0.7499 0.0287]
   [0.2315 0.4456 0.3230]]

  [[0.3397 0.4220 0.2383]
   [0.2487 0.5083 0.2430]
   [0.1543 0.1717 0.6740]]

  [[0.5894 0.2609 0.1497]
   [0.0470 0.5067 0.4464]
   [0.1378 0.6460 0.2161]]]]

cpt5: v4 | v2 v7 v10
[[[[0.0977 0.6067 0.2956]
   [0.5448 0.0193 0.4359]
   [0.3378 0.1785 0.4837]]

  [[0.0555 0.2009 0.7436]
   [0.3615 0.3602 0.2782]
   [0.1718 0.3215 0.5067]]

  [[0.2188 0.5916 0.1896]
   [0.7360 0.1277 0.1363]
   [0.2040 0.3223 0.4736]]]


 [[[0.2395 0.3132 0.4473]
   [0.1999 0.7371 0.0630]
   [0.3880 0.0667 0.5453]]

  [[0.0435 0.1935 0.7630]
   [0.6074 0.1737 0.2189]
   [0.1580 0.5254 0.3166]]

  [[0.1871 0.7038 0.1091]
   [0.1347 0.7941 0.0712]
   [0.3119 0.4914 0.1967]]]


 [[[0.8183 0.0320 0.1496]
   [0.2214 0.7499 0.0287]
   [0.2315 0.4456 0.3230]]

  [[0.3397 0.4220 0.2383]
   [0.2487 0.5083 0.2430]
   [0.1543 0.1717 0.6740]]

  [[0.5894 0.2609 0.1497]
   [0.0470 0.5067 0.4464]
   [0.1378 0.6460 0.2161]]]]

thres1: v4 | v2 v7 v10
[[[0.1418 0.4876 0.2917]
  [0.0078 0.3317 0.1988]
  [0.1790 0.6518 0.1331]]

 [[0.0854 0.2895 0.3813]
  [0.0138 0.7195 0.0336]
  [0.2227 0.2754 0.2557]]

 [[0.7866 0.1648 0.1428]
  [0.2269 0.2449 0.2413]
  [0.4760 0.1424 0.1894]]]

thres2: v4 | v2 v7 v10
[[[0.6103 0.4964 0.4009]
  [0.2982 0.5067 0.3913]
  [0.5767 0.6912 0.3178]]

 [[0.2735 0.5628 0.4219]
  [0.1506 0.7430 0.5402]
  [0.6994 0.4990 0.5554]]

 [[0.7932 0.6124 0.3429]
  [0.4455 0.5731 0.3584]
  [0.5864 0.4761 0.6278]]]

thres3: v4 | v2 v7 v10
[[[0.7229 0.6929 0.6512]
  [0.7245 0.6079 0.6250]
  [0.6424 0.7284 0.5316]]

 [[0.4875 0.5834 0.7317]
  [0.7303 0.7702 0.6856]
  [0.7314 0.5131 0.6271]]

 [[0.8229 0.6204 0.4552]
  [0.5340 0.6642 0.6918]
  [0.6364 0.6562 0.7037]]]

thres4: v4 | v2 v7 v10
[[[0.7294 0.7251 0.6987]
  [0.7499 0.6868 0.6914]
  [0.7073 0.7595 0.6911]]

 [[0.6999 0.6995 0.7363]
  [0.7748 0.7911 0.7252]
  [0.7468 0.7020 0.6944]]

 [[0.8298 0.7261 0.7019]
  [0.6881 0.7001 0.7179]
  [0.7064 0.6991 0.7232]]]

