cpt: v17 | v7
[[0.1887 0.3097 0.5016]
 [0.7689 0.1778 0.0533]
 [0.5821 0.2363 0.1816]]

cpt: v7 | 
[0.1295 0.5015 0.3690]

cpt: v3 | v17
[[0.1128 0.4341 0.4531]
 [0.5892 0.3202 0.0905]
 [0.3439 0.3810 0.2751]]

cpt: v2 | v1 v3 v11
[[[[0.3300 0.6700]
   [0.7806 0.2194]
   [0.6267 0.3733]]

  [[0.6133 0.3867]
   [0.7320 0.2680]
   [0.8913 0.1087]]

  [[0.1635 0.8365]
   [0.8461 0.1539]
   [0.9066 0.0934]]

  [[0.3475 0.6525]
   [0.6889 0.3111]
   [0.3713 0.6287]]

  [[0.5230 0.4770]
   [0.8966 0.1034]
   [0.6819 0.3181]]]


 [[[0.2912 0.7088]
   [0.4646 0.5354]
   [0.3139 0.6861]]

  [[0.8274 0.1726]
   [0.8566 0.1434]
   [0.1545 0.8455]]

  [[0.5781 0.4219]
   [0.1176 0.8824]
   [0.4068 0.5932]]

  [[0.4860 0.5140]
   [0.4307 0.5693]
   [0.4161 0.5839]]

  [[0.2558 0.7442]
   [0.6440 0.3560]
   [0.6543 0.3457]]]


 [[[0.2857 0.7143]
   [0.4071 0.5929]
   [0.5997 0.4003]]

  [[0.9044 0.0956]
   [0.1420 0.8580]
   [0.1463 0.8537]]

  [[0.0867 0.9133]
   [0.1597 0.8403]
   [0.0467 0.9533]]

  [[0.8271 0.1729]
   [0.8634 0.1366]
   [0.7040 0.2960]]

  [[0.0583 0.9417]
   [0.2002 0.7998]
   [0.3744 0.6256]]]]

cpt: v1 | v15 v16
[[[0.0512 0.1667 0.1518 0.3993 0.2310]
  [0.5859 0.2075 0.0776 0.0373 0.0917]]

 [[0.4207 0.2480 0.1533 0.0728 0.1053]
  [0.1650 0.1830 0.2413 0.0857 0.3250]]]

cpt: v16 | 
[0.2784 0.7216]

cpt: v15 | v6
[[0.2518 0.7482]
 [0.7170 0.2830]
 [0.5567 0.4433]
 [0.4332 0.5668]
 [0.5810 0.4190]]

cpt: v6 | 
[0.0546 0.1233 0.1279 0.5473 0.1469]

cpt: v11 | v10
[[0.0627 0.7756 0.1617]
 [0.2916 0.5491 0.1593]
 [0.1124 0.4310 0.4566]]

cpt: v10 | 
[0.2287 0.1177 0.6535]

cpt: v5 | v11
[[0.4119 0.4213 0.1668]
 [0.8856 0.0957 0.0186]
 [0.7948 0.1422 0.0630]]

cpt: v9 | v8
[[0.1093 0.4341 0.4566]
 [0.9568 0.0336 0.0096]]

cpt: v8 | 
[0.2797 0.7203]

cpt: v14 | 
[0.2740 0.7260]

cpt: v12 | 
[0.0960 0.4523 0.4517]

cpt: v0 | 
[0.0587 0.1117 0.5190 0.3106]

cpt1: v13 | v0 v5 v9 v12 v14
[[[[[[0.0118 0.3519 0.3606 0.2757]
     [0.1464 0.6205 0.1794 0.0537]
     [0.0962 0.5005 0.3740 0.0293]]

    [[0.0379 0.4025 0.5276 0.0320]
     [0.0150 0.0453 0.7922 0.1475]
     [0.0820 0.0894 0.0589 0.7697]]

    [[0.0173 0.8823 0.0323 0.0681]
     [0.1495 0.2589 0.1995 0.3921]
     [0.3208 0.2981 0.1807 0.2004]]]


   [[[0.2402 0.2086 0.2629 0.2883]
     [0.0792 0.0274 0.3797 0.5138]
     [0.0671 0.0942 0.1937 0.6451]]

    [[0.0485 0.8180 0.0859 0.0476]
     [0.1691 0.2529 0.5580 0.0200]
     [0.0367 0.0638 0.0716 0.8279]]

    [[0.0383 0.9276 0.0124 0.0218]
     [0.0841 0.7129 0.1292 0.0738]
     [0.0810 0.7022 0.0939 0.1229]]]]



  [[[[0.0477 0.0896 0.8339 0.0287]
     [0.0501 0.0651 0.0245 0.8604]
     [0.0171 0.4279 0.3062 0.2488]]

    [[0.0670 0.3877 0.4174 0.1279]
     [0.0282 0.8171 0.1324 0.0223]
     [0.1130 0.6544 0.2249 0.0076]]

    [[0.0107 0.0465 0.9204 0.0224]
     [0.0253 0.1207 0.7623 0.0917]
     [0.1500 0.7519 0.0829 0.0152]]]


   [[[0.3735 0.1767 0.2340 0.2159]
     [0.1421 0.0525 0.0342 0.7713]
     [0.1220 0.0287 0.4662 0.3831]]

    [[0.0350 0.7478 0.1065 0.1108]
     [0.0199 0.1046 0.7000 0.1755]
     [0.1532 0.4725 0.3093 0.0650]]

    [[0.0320 0.0911 0.7811 0.0959]
     [0.0133 0.4774 0.4354 0.0740]
     [0.0234 0.5397 0.2737 0.1631]]]]



  [[[[0.0091 0.9121 0.0093 0.0696]
     [0.0224 0.8579 0.0664 0.0533]
     [0.0086 0.9698 0.0062 0.0155]]

    [[0.0728 0.1538 0.4170 0.3565]
     [0.1778 0.2073 0.0743 0.5406]
     [0.0682 0.1261 0.0567 0.7491]]

    [[0.0088 0.9000 0.0792 0.0120]
     [0.0330 0.5518 0.3887 0.0265]
     [0.0342 0.2208 0.5501 0.1949]]]


   [[[0.6191 0.0446 0.3079 0.0285]
     [0.0833 0.0830 0.6117 0.2220]
     [0.1684 0.2193 0.0951 0.5173]]

    [[0.0207 0.2674 0.4523 0.2595]
     [0.0115 0.4154 0.3794 0.1937]
     [0.0276 0.2873 0.3615 0.3236]]

    [[0.0252 0.6502 0.2623 0.0623]
     [0.0761 0.4926 0.4112 0.0201]
     [0.0394 0.2584 0.3422 0.3600]]]]]




 [[[[[0.0248 0.4973 0.3028 0.1751]
     [0.0377 0.8064 0.1298 0.0260]
     [0.1671 0.2615 0.3348 0.2366]]

    [[0.1373 0.0609 0.3978 0.4040]
     [0.0500 0.5957 0.2228 0.1315]
     [0.0936 0.7400 0.0808 0.0856]]

    [[0.0839 0.2356 0.3240 0.3565]
     [0.0666 0.6405 0.2600 0.0329]
     [0.0044 0.5104 0.1606 0.3246]]]


   [[[0.2126 0.0223 0.2974 0.4676]
     [0.6062 0.0314 0.1418 0.2206]
     [0.1283 0.1301 0.3186 0.4231]]

    [[0.0201 0.0720 0.6513 0.2566]
     [0.0178 0.2990 0.1061 0.5770]
     [0.0877 0.6251 0.0964 0.1908]]

    [[0.0249 0.9359 0.0276 0.0117]
     [0.2135 0.4193 0.2565 0.1108]
     [0.1556 0.2212 0.4322 0.1910]]]]



  [[[[0.0590 0.6711 0.2539 0.0161]
     [0.0337 0.2349 0.7124 0.0190]
     [0.0512 0.2136 0.5964 0.1389]]

    [[0.0294 0.9187 0.0278 0.0241]
     [0.1140 0.3290 0.5470 0.0101]
     [0.1228 0.6195 0.2156 0.0420]]

    [[0.0764 0.8121 0.1027 0.0089]
     [0.0150 0.8472 0.0579 0.0799]
     [0.0612 0.2755 0.5695 0.0939]]]


   [[[0.1891 0.1833 0.1852 0.4424]
     [0.0994 0.0278 0.1615 0.7113]
     [0.0678 0.0063 0.0421 0.8839]]

    [[0.0102 0.1415 0.7402 0.1081]
     [0.2677 0.1550 0.0972 0.4801]
     [0.2781 0.5248 0.0870 0.1101]]

    [[0.0502 0.7591 0.1341 0.0567]
     [0.0999 0.2269 0.6533 0.0199]
     [0.0882 0.7389 0.1137 0.0592]]]]



  [[[[0.0341 0.4499 0.3177 0.1984]
     [0.0394 0.3301 0.3117 0.3189]
     [0.0442 0.5127 0.4079 0.0352]]

    [[0.0343 0.8347 0.0883 0.0427]
     [0.0321 0.4864 0.2963 0.1851]
     [0.0469 0.7482 0.1332 0.0717]]

    [[0.0485 0.6238 0.3045 0.0231]
     [0.0398 0.2100 0.7080 0.0422]
     [0.0839 0.0617 0.0562 0.7982]]]


   [[[0.4387 0.2600 0.0232 0.2780]
     [0.2451 0.0398 0.0718 0.6433]
     [0.0798 0.0182 0.1344 0.7676]]

    [[0.0196 0.0562 0.7341 0.1902]
     [0.0269 0.3534 0.2100 0.4097]
     [0.0463 0.3698 0.3262 0.2577]]

    [[0.0694 0.8175 0.0902 0.0230]
     [0.1463 0.3871 0.4538 0.0128]
     [0.1055 0.1733 0.4794 0.2418]]]]]




 [[[[[0.0057 0.8030 0.0986 0.0928]
     [0.0164 0.3924 0.3985 0.1926]
     [0.0811 0.2604 0.5777 0.0808]]

    [[0.0886 0.5429 0.2263 0.1422]
     [0.0538 0.4750 0.3954 0.0757]
     [0.0110 0.3219 0.2845 0.3825]]

    [[0.0301 0.8228 0.0249 0.1222]
     [0.0391 0.0335 0.8528 0.0745]
     [0.0518 0.8090 0.0905 0.0486]]]


   [[[0.3395 0.1732 0.2901 0.1972]
     [0.1617 0.0675 0.0850 0.6858]
     [0.0900 0.2386 0.6475 0.0240]]

    [[0.0195 0.8538 0.0425 0.0842]
     [0.0282 0.7966 0.0485 0.1268]
     [0.0521 0.8445 0.0122 0.0912]]

    [[0.0072 0.7828 0.1073 0.1027]
     [0.0874 0.5203 0.3663 0.0259]
     [0.1170 0.2220 0.6383 0.0226]]]]



  [[[[0.0262 0.8447 0.0862 0.0430]
     [0.0317 0.4114 0.4096 0.1473]
     [0.0269 0.8486 0.0535 0.0710]]

    [[0.0225 0.2071 0.7655 0.0049]
     [0.0232 0.7539 0.1954 0.0274]
     [0.1559 0.3091 0.0699 0.4651]]

    [[0.0150 0.4634 0.4175 0.1041]
     [0.0338 0.5833 0.3639 0.0190]
     [0.0386 0.0358 0.8312 0.0943]]]


   [[[0.0808 0.0152 0.1598 0.7442]
     [0.0871 0.0213 0.0112 0.8803]
     [0.0195 0.0283 0.0562 0.8959]]

    [[0.0130 0.9351 0.0183 0.0336]
     [0.0100 0.6583 0.3194 0.0123]
     [0.0140 0.1111 0.8620 0.0129]]

    [[0.0085 0.4207 0.5080 0.0628]
     [0.0029 0.9689 0.0117 0.0165]
     [0.1082 0.2035 0.2763 0.4121]]]]



  [[[[0.0237 0.8221 0.1027 0.0515]
     [0.0122 0.1136 0.8632 0.0110]
     [0.0310 0.8402 0.0570 0.0718]]

    [[0.0360 0.6819 0.1331 0.1490]
     [0.0065 0.0227 0.8063 0.1644]
     [0.2377 0.4992 0.1560 0.1071]]

    [[0.0123 0.4553 0.3998 0.1327]
     [0.0939 0.6415 0.2398 0.0249]
     [0.0970 0.1291 0.2686 0.5054]]]


   [[[0.3108 0.1468 0.0787 0.4638]
     [0.0254 0.0072 0.0115 0.9559]
     [0.3138 0.0942 0.0824 0.5095]]

    [[0.0337 0.4171 0.4975 0.0517]
     [0.0679 0.4524 0.2994 0.1804]
     [0.0458 0.3386 0.3810 0.2346]]

    [[0.0620 0.5535 0.2574 0.1272]
     [0.0147 0.8723 0.0554 0.0576]
     [0.0511 0.2615 0.6541 0.0333]]]]]




 [[[[[0.0304 0.0378 0.8656 0.0662]
     [0.0133 0.2889 0.5797 0.1181]
     [0.0230 0.6921 0.2231 0.0619]]

    [[0.0590 0.1558 0.5777 0.2075]
     [0.1575 0.0107 0.3214 0.5104]
     [0.2338 0.3296 0.1836 0.2530]]

    [[0.0739 0.2740 0.6008 0.0514]
     [0.0758 0.2324 0.1297 0.5621]
     [0.1607 0.5256 0.2036 0.1101]]]


   [[[0.0254 0.0237 0.1017 0.8492]
     [0.1006 0.1556 0.5514 0.1924]
     [0.0240 0.1203 0.2769 0.5787]]

    [[0.1240 0.6609 0.1385 0.0765]
     [0.0642 0.6528 0.1174 0.1656]
     [0.1747 0.3691 0.2991 0.1571]]

    [[0.0356 0.3320 0.5736 0.0589]
     [0.0823 0.5689 0.1651 0.1837]
     [0.1714 0.2588 0.0921 0.4776]]]]



  [[[[0.0340 0.6019 0.2976 0.0666]
     [0.1349 0.3495 0.3604 0.1552]
     [0.1608 0.6557 0.1720 0.0115]]

    [[0.0094 0.2759 0.4899 0.2248]
     [0.0420 0.0326 0.3469 0.5785]
     [0.0066 0.1555 0.5172 0.3207]]

    [[0.0351 0.3172 0.6078 0.0399]
     [0.2080 0.1899 0.1375 0.4646]
     [0.1318 0.6109 0.1913 0.0660]]]


   [[[0.0136 0.0115 0.0644 0.9105]
     [0.2092 0.2853 0.0110 0.4944]
     [0.1696 0.3910 0.2579 0.1815]]

    [[0.0644 0.4562 0.4395 0.0399]
     [0.0302 0.7871 0.1201 0.0626]
     [0.0806 0.3050 0.5073 0.1072]]

    [[0.0034 0.8188 0.0764 0.1014]
     [0.0555 0.5242 0.3675 0.0529]
     [0.0766 0.7578 0.0690 0.0967]]]]



  [[[[0.0250 0.3134 0.6003 0.0613]
     [0.0348 0.5910 0.2736 0.1006]
     [0.0637 0.0439 0.0779 0.8146]]

    [[0.0611 0.6359 0.0865 0.2165]
     [0.0853 0.3328 0.5718 0.0101]
     [0.0346 0.8966 0.0141 0.0547]]

    [[0.1572 0.1595 0.6450 0.0383]
     [0.0262 0.8362 0.0519 0.0857]
     [0.0932 0.3967 0.5023 0.0077]]]


   [[[0.2529 0.0414 0.4266 0.2791]
     [0.1176 0.3706 0.2727 0.2391]
     [0.2414 0.0536 0.0471 0.6579]]

    [[0.0504 0.7689 0.1193 0.0614]
     [0.2044 0.3292 0.3368 0.1296]
     [0.0216 0.1519 0.4939 0.3326]]

    [[0.0655 0.7984 0.0996 0.0365]
     [0.0368 0.8716 0.0505 0.0411]
     [0.0887 0.1889 0.6401 0.0824]]]]]]

cpt2: v13 | v0 v5 v9 v12 v14
[[[[[[0.0602 0.1544 0.1558 0.6296]
     [0.6598 0.2296 0.0652 0.0454]
     [0.4245 0.2887 0.2062 0.0806]]

    [[0.2093 0.2641 0.4048 0.1218]
     [0.0483 0.0300 0.5173 0.4044]
     [0.3244 0.0686 0.0463 0.5607]]

    [[0.0812 0.5902 0.0992 0.2293]
     [0.4577 0.1220 0.0919 0.3284]
     [0.7433 0.1099 0.0652 0.0815]]]


   [[[0.1994 0.5398 0.1574 0.1033]
     [0.0917 0.0555 0.6830 0.1698]
     [0.1061 0.2146 0.3877 0.2916]]

    [[0.2574 0.4955 0.1377 0.1094]
     [0.5694 0.1244 0.2826 0.0237]
     [0.0627 0.0512 0.0602 0.8259]]

    [[0.3191 0.5184 0.0379 0.1247]
     [0.3315 0.3347 0.1391 0.1946]
     [0.2279 0.4159 0.1031 0.2531]]]]



  [[[[0.5339 0.0623 0.3563 0.0475]
     [0.4448 0.0538 0.0205 0.4809]
     [0.0588 0.1824 0.1477 0.6111]]

    [[0.3548 0.1703 0.1842 0.2908]
     [0.0894 0.4730 0.3773 0.0603]
     [0.3807 0.4382 0.1618 0.0193]]

    [[0.0717 0.0434 0.7865 0.0984]
     [0.0962 0.0846 0.5512 0.2680]
     [0.4724 0.4436 0.0532 0.0308]]]


   [[[0.3260 0.4267 0.1755 0.0718]
     [0.4302 0.1498 0.0815 0.3385]
     [0.1592 0.0546 0.6542 0.1320]]

    [[0.2421 0.3767 0.1070 0.2742]
     [0.0798 0.0679 0.4038 0.4485]
     [0.5246 0.2131 0.1811 0.0811]]

    [[0.3208 0.0265 0.2074 0.4453]
     [0.0505 0.1832 0.4939 0.2724]
     [0.0698 0.2460 0.2205 0.4638]]]]



  [[[[0.0658 0.6340 0.0373 0.2628]
     [0.1333 0.4721 0.1791 0.2154]
     [0.0307 0.9009 0.0218 0.0466]]

    [[0.4751 0.0710 0.1781 0.2758]
     [0.7234 0.0752 0.0264 0.1750]
     [0.3114 0.0827 0.0373 0.5687]]

    [[0.0438 0.6322 0.2831 0.0409]
     [0.1149 0.2856 0.5344 0.0651]
     [0.1169 0.1245 0.3069 0.4517]]]


   [[[0.5005 0.1044 0.3862 0.0089]
     [0.0816 0.1912 0.6500 0.0773]
     [0.1843 0.5024 0.1106 0.2027]]

    [[0.0936 0.1754 0.2877 0.4432]
     [0.0342 0.2835 0.3096 0.3727]
     [0.0678 0.2121 0.2565 0.4637]]

    [[0.1878 0.2108 0.2772 0.3242]
     [0.3796 0.2058 0.3535 0.0611]
     [0.0833 0.0807 0.1165 0.7195]]]]]




 [[[[[0.1328 0.2422 0.1312 0.4938]
     [0.1476 0.4214 0.3501 0.0809]
     [0.6124 0.1192 0.1433 0.1251]]

    [[0.6429 0.0270 0.1642 0.1658]
     [0.1508 0.3599 0.1561 0.3332]
     [0.2706 0.4650 0.0575 0.2070]]

    [[0.3201 0.1066 0.1380 0.4352]
     [0.2184 0.4289 0.2689 0.0838]
     [0.0085 0.4579 0.1214 0.4122]]]


   [[[0.2708 0.0533 0.5241 0.1519]
     [0.7569 0.0424 0.1342 0.0666]
     [0.2058 0.2253 0.3746 0.1943]]

    [[0.0711 0.0463 0.3895 0.4932]
     [0.0290 0.1470 0.0597 0.7643]
     [0.2279 0.4265 0.0845 0.2611]]

    [[0.1688 0.6378 0.1329 0.0605]
     [0.6428 0.1306 0.0986 0.1280]
     [0.4053 0.1185 0.2212 0.2550]]]]



  [[[[0.4679 0.3633 0.1195 0.0494]
     [0.1909 0.1721 0.5565 0.0804]
     [0.1974 0.1129 0.3131 0.3766]]

    [[0.1507 0.6392 0.1133 0.0968]
     [0.4045 0.2147 0.3544 0.0264]
     [0.3730 0.3898 0.1349 0.1022]]

    [[0.3812 0.4999 0.0916 0.0273]
     [0.0419 0.6376 0.1436 0.1769]
     [0.2004 0.1915 0.3741 0.2340]]]


   [[[0.1984 0.4421 0.1988 0.1607]
     [0.2535 0.0685 0.3444 0.3335]
     [0.2515 0.0176 0.1104 0.6206]]

    [[0.0663 0.0927 0.4861 0.3549]
     [0.7033 0.0384 0.0235 0.2348]
     [0.7265 0.1612 0.0346 0.0777]]

    [[0.4324 0.1948 0.1096 0.2631]
     [0.4932 0.0931 0.3619 0.0518]
     [0.3110 0.4164 0.1280 0.1447]]]]



  [[[[0.2157 0.2148 0.1059 0.4636]
     [0.1547 0.1142 0.1062 0.6249]
     [0.2366 0.3375 0.2860 0.1398]]

    [[0.1968 0.4853 0.1466 0.1712]
     [0.1082 0.2416 0.1641 0.4861]
     [0.1595 0.4629 0.1755 0.2020]]

    [[0.2771 0.3937 0.2530 0.0762]
     [0.1863 0.1650 0.5095 0.1393]
     [0.4020 0.0468 0.0410 0.5103]]]


   [[[0.3220 0.5733 0.0139 0.0908]
     [0.5519 0.0853 0.1232 0.2396]
     [0.2210 0.0481 0.3245 0.4064]]

    [[0.0921 0.0415 0.4954 0.3710]
     [0.0701 0.2062 0.1223 0.6014]
     [0.1291 0.2839 0.2120 0.3749]]

    [[0.5045 0.2956 0.1019 0.0980]
     [0.6047 0.1414 0.2297 0.0242]
     [0.3070 0.0808 0.2114 0.4009]]]]]




 [[[[[0.0245 0.5820 0.2390 0.1545]
     [0.0753 0.1915 0.2033 0.5298]
     [0.3965 0.1462 0.2805 0.1768]]

    [[0.4984 0.2106 0.0867 0.2043]
     [0.1971 0.2834 0.2963 0.2231]
     [0.0245 0.1250 0.1221 0.7285]]

    [[0.1578 0.4359 0.0262 0.3802]
     [0.1657 0.0245 0.5845 0.2252]
     [0.1671 0.5202 0.1878 0.1249]]]


   [[[0.2905 0.4541 0.1889 0.0666]
     [0.3331 0.2010 0.1964 0.2696]
     [0.1010 0.6307 0.2551 0.0132]]

    [[0.1561 0.4932 0.0774 0.2733]
     [0.1480 0.4229 0.0703 0.3587]
     [0.2262 0.5299 0.0197 0.2243]]

    [[0.0605 0.1726 0.0925 0.6745]
     [0.5494 0.1443 0.2324 0.0739]
     [0.5204 0.0946 0.3377 0.0473]]]]



  [[[[0.2026 0.5553 0.1060 0.1361]
     [0.1897 0.2239 0.1719 0.4144]
     [0.1275 0.5057 0.1341 0.2328]]

    [[0.1698 0.1667 0.6402 0.0233]
     [0.0705 0.2979 0.5616 0.0699]
     [0.5226 0.1523 0.0341 0.2910]]

    [[0.0761 0.2652 0.3470 0.3117]
     [0.1047 0.2596 0.5894 0.0464]
     [0.1479 0.0249 0.5612 0.2660]]]


   [[[0.1724 0.0550 0.4802 0.2924]
     [0.4505 0.0802 0.0370 0.4322]
     [0.0747 0.1172 0.2192 0.5888]]

    [[0.1556 0.6105 0.0676 0.1663]
     [0.0490 0.2371 0.6819 0.0320]
     [0.0620 0.0688 0.8315 0.0377]]

    [[0.0989 0.0880 0.3317 0.4814]
     [0.0245 0.7792 0.0876 0.1087]
     [0.3686 0.0410 0.0513 0.5391]]]]



  [[[[0.1982 0.4922 0.1427 0.1669]
     [0.1339 0.1296 0.6682 0.0683]
     [0.1771 0.4896 0.0743 0.2590]]

    [[0.2235 0.2857 0.0664 0.4245]
     [0.0281 0.0113 0.4392 0.5214]
     [0.7696 0.1486 0.0447 0.0371]]

    [[0.0645 0.2569 0.3116 0.3670]
     [0.4469 0.3435 0.1469 0.0626]
     [0.3910 0.0660 0.1296 0.4134]]]


   [[[0.2925 0.4361 0.1158 0.1555]
     [0.1802 0.0411 0.0620 0.7167]
     [0.4393 0.2361 0.1429 0.1817]]

    [[0.2506 0.2446 0.3752 0.1296]
     [0.4016 0.1905 0.1163 0.2916]
     [0.1812 0.1915 0.1978 0.4294]]

    [[0.6194 0.0773 0.0518 0.2516]
     [0.1294 0.3482 0.1212 0.4012]
     [0.2888 0.1144 0.4651 0.1318]]]]]




 [[[[[0.1911 0.0271 0.5466 0.2352]
     [0.0459 0.1787 0.4348 0.3406]
     [0.0551 0.3285 0.4886 0.1279]]

    [[0.1955 0.0735 0.2737 0.4574]
     [0.4988 0.0072 0.2065 0.2875]
     [0.5223 0.1670 0.0894 0.2213]]

    [[0.3082 0.1824 0.3720 0.1374]
     [0.1552 0.0940 0.0521 0.6987]
     [0.3936 0.3021 0.1085 0.1958]]]


   [[[0.0793 0.0881 0.3500 0.4827]
     [0.1841 0.3117 0.4001 0.1041]
     [0.0379 0.2088 0.4695 0.2839]]

    [[0.5622 0.2541 0.0783 0.1053]
     [0.1967 0.4076 0.1008 0.2949]
     [0.4449 0.2212 0.1742 0.1597]]

    [[0.1836 0.1431 0.4387 0.2346]
     [0.2489 0.2738 0.0983 0.3790]
     [0.3775 0.1231 0.0431 0.4563]]]]



  [[[[0.2029 0.3785 0.1938 0.2248]
     [0.5003 0.1589 0.1562 0.1846]
     [0.5197 0.3629 0.0923 0.0250]]

    [[0.0308 0.1289 0.2693 0.5710]
     [0.0755 0.0111 0.1190 0.7944]
     [0.0144 0.0821 0.2828 0.6206]]

    [[0.1512 0.2383 0.4833 0.1271]
     [0.5756 0.1006 0.0695 0.2543]
     [0.3532 0.3919 0.1146 0.1402]]]


   [[[0.0616 0.0518 0.2686 0.6180]
     [0.2950 0.5028 0.0091 0.1932]
     [0.2474 0.5591 0.1059 0.0876]]

    [[0.4068 0.1869 0.3170 0.0893]
     [0.1234 0.4717 0.2359 0.1691]
     [0.2610 0.2079 0.3460 0.1851]]

    [[0.0206 0.3712 0.1257 0.4826]
     [0.2230 0.2529 0.3671 0.1570]
     [0.2454 0.4578 0.0770 0.2198]]]]



  [[[[0.2032 0.2356 0.3091 0.2521]
     [0.1511 0.3353 0.1886 0.3250]
     [0.3787 0.0357 0.0618 0.5239]]

    [[0.2325 0.2491 0.0362 0.4822]
     [0.3214 0.2442 0.4043 0.0301]
     [0.1118 0.6913 0.0397 0.1572]]

    [[0.6804 0.0644 0.2319 0.0233]
     [0.0795 0.5819 0.1284 0.2102]
     [0.3364 0.3054 0.3372 0.0210]]]


   [[[0.2446 0.0919 0.5814 0.0821]
     [0.1068 0.7073 0.0882 0.0977]
     [0.5568 0.0952 0.0674 0.2807]]

    [[0.2635 0.4524 0.1467 0.1375]
     [0.6388 0.1233 0.1270 0.1109]
     [0.0533 0.1133 0.3382 0.4953]]

    [[0.4610 0.2802 0.1043 0.1545]
     [0.1561 0.5656 0.1429 0.1354]
     [0.3022 0.1233 0.4013 0.1732]]]]]]

cpt3: v13 | v0 v5 v9 v12 v14
[[[[[[0.0602 0.1544 0.1558 0.6296]
     [0.6598 0.2296 0.0652 0.0454]
     [0.4245 0.2887 0.2062 0.0806]]

    [[0.2093 0.2641 0.4048 0.1218]
     [0.0483 0.0300 0.5173 0.4044]
     [0.3244 0.0686 0.0463 0.5607]]

    [[0.0812 0.5900 0.0993 0.2295]
     [0.4577 0.1220 0.0919 0.3284]
     [0.7433 0.1099 0.0652 0.0815]]]


   [[[0.1994 0.5398 0.1574 0.1033]
     [0.0917 0.0555 0.6830 0.1698]
     [0.1061 0.2146 0.3877 0.2916]]

    [[0.2574 0.4955 0.1377 0.1094]
     [0.5694 0.1244 0.2826 0.0237]
     [0.0627 0.0512 0.0602 0.8259]]

    [[0.3191 0.5184 0.0379 0.1247]
     [0.3315 0.3347 0.1391 0.1946]
     [0.2279 0.4159 0.1031 0.2531]]]]



  [[[[0.5339 0.0623 0.3563 0.0475]
     [0.4448 0.0538 0.0205 0.4809]
     [0.0588 0.1824 0.1477 0.6111]]

    [[0.3548 0.1703 0.1842 0.2908]
     [0.0894 0.4730 0.3773 0.0603]
     [0.3807 0.4382 0.1618 0.0193]]

    [[0.0717 0.0434 0.7865 0.0984]
     [0.0962 0.0846 0.5512 0.2680]
     [0.4724 0.4436 0.0532 0.0308]]]


   [[[0.3260 0.4267 0.1755 0.0718]
     [0.4302 0.1498 0.0815 0.3385]
     [0.1592 0.0546 0.6542 0.1320]]

    [[0.2421 0.3767 0.1070 0.2742]
     [0.0798 0.0679 0.4038 0.4485]
     [0.5246 0.2131 0.1811 0.0811]]

    [[0.3208 0.0265 0.2074 0.4453]
     [0.0505 0.1832 0.4939 0.2724]
     [0.0698 0.2460 0.2205 0.4638]]]]



  [[[[0.0733 0.5905 0.0392 0.2970]
     [0.1333 0.4721 0.1791 0.2154]
     [0.0545 0.8355 0.0310 0.0790]]

    [[0.4751 0.0710 0.1781 0.2758]
     [0.7234 0.0752 0.0264 0.1750]
     [0.3114 0.0827 0.0373 0.5687]]

    [[0.0498 0.5942 0.3117 0.0443]
     [0.1149 0.2856 0.5344 0.0651]
     [0.1169 0.1245 0.3069 0.4517]]]


   [[[0.5005 0.1044 0.3862 0.0089]
     [0.0816 0.1912 0.6500 0.0773]
     [0.1843 0.5024 0.1106 0.2027]]

    [[0.0936 0.1754 0.2877 0.4432]
     [0.0342 0.2833 0.3095 0.3730]
     [0.0678 0.2121 0.2565 0.4637]]

    [[0.1878 0.2108 0.2772 0.3242]
     [0.3796 0.2058 0.3535 0.0611]
     [0.0833 0.0807 0.1165 0.7195]]]]]




 [[[[[0.1328 0.2422 0.1312 0.4938]
     [0.1476 0.4214 0.3501 0.0809]
     [0.6124 0.1192 0.1433 0.1251]]

    [[0.6429 0.0270 0.1642 0.1658]
     [0.1508 0.3599 0.1561 0.3332]
     [0.2706 0.4650 0.0575 0.2070]]

    [[0.3201 0.1066 0.1380 0.4352]
     [0.2184 0.4289 0.2689 0.0838]
     [0.0089 0.2660 0.0950 0.6301]]]


   [[[0.2708 0.0533 0.5241 0.1519]
     [0.7569 0.0424 0.1342 0.0666]
     [0.2058 0.2253 0.3746 0.1943]]

    [[0.0711 0.0463 0.3895 0.4932]
     [0.0290 0.1470 0.0597 0.7643]
     [0.2279 0.4265 0.0845 0.2611]]

    [[0.1688 0.6378 0.1329 0.0605]
     [0.6428 0.1306 0.0986 0.1280]
     [0.4053 0.1185 0.2212 0.2550]]]]



  [[[[0.4679 0.3633 0.1195 0.0494]
     [0.1909 0.1721 0.5565 0.0804]
     [0.1974 0.1129 0.3131 0.3766]]

    [[0.1507 0.6392 0.1133 0.0968]
     [0.4045 0.2147 0.3544 0.0264]
     [0.3730 0.3898 0.1349 0.1022]]

    [[0.3812 0.4999 0.0916 0.0273]
     [0.0476 0.5823 0.1571 0.2130]
     [0.2004 0.1915 0.3741 0.2340]]]


   [[[0.1984 0.4421 0.1988 0.1607]
     [0.2535 0.0685 0.3444 0.3335]
     [0.2515 0.0176 0.1104 0.6206]]

    [[0.0663 0.0927 0.4861 0.3549]
     [0.7033 0.0384 0.0235 0.2348]
     [0.7265 0.1612 0.0346 0.0777]]

    [[0.4324 0.1948 0.1096 0.2631]
     [0.4932 0.0931 0.3619 0.0518]
     [0.3110 0.4164 0.1280 0.1447]]]]



  [[[[0.2157 0.2148 0.1059 0.4636]
     [0.1547 0.1142 0.1062 0.6249]
     [0.2366 0.3375 0.2860 0.1398]]

    [[0.1968 0.4853 0.1466 0.1712]
     [0.1082 0.2416 0.1641 0.4861]
     [0.1595 0.4629 0.1755 0.2020]]

    [[0.2771 0.3937 0.2530 0.0762]
     [0.1863 0.1650 0.5095 0.1393]
     [0.4020 0.0468 0.0410 0.5103]]]


   [[[0.3220 0.5733 0.0139 0.0908]
     [0.5519 0.0853 0.1232 0.2396]
     [0.2210 0.0481 0.3245 0.4064]]

    [[0.0921 0.0415 0.4954 0.3710]
     [0.0701 0.2062 0.1223 0.6014]
     [0.1291 0.2839 0.2120 0.3749]]

    [[0.5045 0.2956 0.1019 0.0980]
     [0.6047 0.1414 0.2297 0.0242]
     [0.3070 0.0808 0.2114 0.4009]]]]]




 [[[[[0.0325 0.4302 0.2905 0.2468]
     [0.0753 0.1915 0.2033 0.5298]
     [0.3965 0.1462 0.2805 0.1768]]

    [[0.4984 0.2106 0.0867 0.2043]
     [0.1971 0.2834 0.2963 0.2231]
     [0.0245 0.1250 0.1221 0.7285]]

    [[0.1578 0.4359 0.0262 0.3802]
     [0.1657 0.0245 0.5845 0.2252]
     [0.1671 0.5202 0.1878 0.1249]]]


   [[[0.2905 0.4541 0.1889 0.0666]
     [0.3331 0.2010 0.1964 0.2696]
     [0.1010 0.6308 0.2550 0.0132]]

    [[0.1561 0.4932 0.0774 0.2733]
     [0.1480 0.4229 0.0703 0.3587]
     [0.2262 0.5299 0.0197 0.2243]]

    [[0.0605 0.1726 0.0925 0.6745]
     [0.5494 0.1443 0.2324 0.0739]
     [0.5204 0.0946 0.3377 0.0473]]]]



  [[[[0.2411 0.5003 0.1091 0.1494]
     [0.1897 0.2239 0.1719 0.4144]
     [0.1275 0.5057 0.1341 0.2328]]

    [[0.1698 0.1667 0.6402 0.0233]
     [0.0705 0.2979 0.5616 0.0699]
     [0.5226 0.1523 0.0341 0.2910]]

    [[0.0763 0.2643 0.3466 0.3128]
     [0.1047 0.2596 0.5894 0.0464]
     [0.1479 0.0249 0.5612 0.2660]]]


   [[[0.1724 0.0550 0.4802 0.2924]
     [0.4505 0.0802 0.0370 0.4322]
     [0.0747 0.1172 0.2192 0.5888]]

    [[0.1566 0.6083 0.0678 0.1673]
     [0.0490 0.2371 0.6819 0.0320]
     [0.0620 0.0688 0.8315 0.0377]]

    [[0.0989 0.0880 0.3317 0.4814]
     [0.0345 0.6803 0.1146 0.1706]
     [0.3686 0.0410 0.0513 0.5391]]]]



  [[[[0.2063 0.4839 0.1428 0.1670]
     [0.1339 0.1296 0.6682 0.0683]
     [0.1771 0.4896 0.0743 0.2590]]

    [[0.2235 0.2857 0.0664 0.4245]
     [0.0281 0.0113 0.4392 0.5214]
     [0.7696 0.1486 0.0447 0.0371]]

    [[0.0645 0.2568 0.3117 0.3670]
     [0.4469 0.3435 0.1469 0.0626]
     [0.3910 0.0660 0.1296 0.4134]]]


   [[[0.2925 0.4361 0.1158 0.1555]
     [0.1802 0.0411 0.0620 0.7167]
     [0.4393 0.2361 0.1429 0.1817]]

    [[0.2506 0.2446 0.3752 0.1296]
     [0.4016 0.1905 0.1163 0.2916]
     [0.1812 0.1915 0.1978 0.4294]]

    [[0.6194 0.0773 0.0518 0.2516]
     [0.1294 0.3482 0.1212 0.4012]
     [0.2888 0.1144 0.4651 0.1318]]]]]




 [[[[[0.1911 0.0271 0.5466 0.2352]
     [0.0459 0.1787 0.4348 0.3406]
     [0.0551 0.3279 0.4889 0.1281]]

    [[0.1955 0.0735 0.2737 0.4574]
     [0.4988 0.0072 0.2065 0.2875]
     [0.5223 0.1670 0.0894 0.2213]]

    [[0.3082 0.1824 0.3720 0.1374]
     [0.1552 0.0940 0.0521 0.6987]
     [0.3936 0.3021 0.1085 0.1958]]]


   [[[0.0793 0.0881 0.3500 0.4827]
     [0.1841 0.3117 0.4001 0.1041]
     [0.0379 0.2088 0.4695 0.2838]]

    [[0.5622 0.2541 0.0783 0.1053]
     [0.1967 0.4076 0.1008 0.2949]
     [0.4449 0.2212 0.1742 0.1597]]

    [[0.1836 0.1431 0.4387 0.2346]
     [0.2489 0.2738 0.0983 0.3790]
     [0.3775 0.1231 0.0431 0.4563]]]]



  [[[[0.2029 0.3785 0.1938 0.2248]
     [0.5003 0.1589 0.1562 0.1846]
     [0.5197 0.3629 0.0923 0.0250]]

    [[0.0308 0.1289 0.2692 0.5711]
     [0.0755 0.0111 0.1190 0.7944]
     [0.0144 0.0820 0.2823 0.6212]]

    [[0.1512 0.2383 0.4833 0.1271]
     [0.5756 0.1006 0.0695 0.2543]
     [0.3532 0.3919 0.1146 0.1402]]]


   [[[0.0616 0.0518 0.2686 0.6180]
     [0.2950 0.5028 0.0091 0.1932]
     [0.2474 0.5591 0.1059 0.0876]]

    [[0.4068 0.1869 0.3170 0.0893]
     [0.1234 0.4717 0.2359 0.1691]
     [0.2610 0.2079 0.3460 0.1851]]

    [[0.0233 0.2508 0.0996 0.6263]
     [0.2230 0.2529 0.3671 0.1570]
     [0.2454 0.4578 0.0770 0.2198]]]]



  [[[[0.2032 0.2356 0.3091 0.2521]
     [0.1511 0.3353 0.1886 0.3250]
     [0.3787 0.0357 0.0618 0.5239]]

    [[0.2325 0.2491 0.0362 0.4822]
     [0.3214 0.2442 0.4043 0.0301]
     [0.1129 0.6887 0.0399 0.1585]]

    [[0.6804 0.0644 0.2319 0.0233]
     [0.0836 0.5614 0.1318 0.2233]
     [0.3364 0.3054 0.3372 0.0210]]]


   [[[0.2446 0.0919 0.5814 0.0821]
     [0.1076 0.7196 0.0838 0.0890]
     [0.5568 0.0952 0.0674 0.2807]]

    [[0.2635 0.4524 0.1467 0.1375]
     [0.6388 0.1233 0.1270 0.1109]
     [0.0533 0.1133 0.3382 0.4953]]

    [[0.4610 0.2802 0.1043 0.1545]
     [0.1561 0.5656 0.1429 0.1354]
     [0.3022 0.1233 0.4013 0.1732]]]]]]

thres1: v13 | v0 v5 v9 v12 v14
[[[[[0.2804 0.7419 0.5952]
    [0.4421 0.6168 0.8254]
    [0.1217 0.7895 0.8712]]

   [[0.2698 0.6228 0.3308]
    [0.3418 0.8208 0.5507]
    [0.3810 0.4976 0.3541]]]


  [[[0.8955 0.8920 0.2437]
    [0.6757 0.1589 0.4649]
    [0.6228 0.5321 0.5157]]

   [[0.4332 0.7416 0.7447]
    [0.3912 0.5404 0.7111]
    [0.9236 0.2162 0.2210]]]


  [[[0.2273 0.2202 0.1255]
    [0.8700 0.9058 0.7902]
    [0.1254 0.2870 0.4841]]

   [[0.8275 0.2991 0.2684]
    [0.3480 0.1081 0.2423]
    [0.4711 0.6485 0.5076]]]]



 [[[[0.3541 0.2594 0.8370]
    [0.9596 0.2952 0.3678]
    [0.7501 0.3374 0.0542]]

   [[0.8356 0.9470 0.4773]
    [0.6055 0.1647 0.3483]
    [0.2092 0.8312 0.7738]]]


  [[[0.5629 0.5258 0.6363]
    [0.1908 0.6532 0.4890]
    [0.4326 0.1029 0.5113]]

   [[0.3097 0.7872 0.9347]
    [0.4172 0.9482 0.8184]
    [0.6894 0.8412 0.4275]]]


  [[[0.5011 0.5753 0.4121]
    [0.2886 0.3093 0.2563]
    [0.4130 0.5304 0.8958]]

   [[0.3596 0.8662 0.8213]
    [0.6895 0.2537 0.3126]
    [0.6305 0.8105 0.7917]]]]



 [[[[0.1754 0.2824 0.7307]
    [0.7030 0.4102 0.1639]
    [0.2658 0.8713 0.2431]]

   [[0.3901 0.6237 0.1380]
    [0.2404 0.2592 0.2991]
    [0.2596 0.7920 0.8462]]]


  [[[0.4328 0.4586 0.2013]
    [0.5045 0.1914 0.7743]
    [0.2330 0.2874 0.8560]]

   [[0.7580 0.8489 0.3893]
    [0.2404 0.1715 0.4743]
    [0.5293 0.1379 0.9000]]]


  [[[0.3960 0.5082 0.2657]
    [0.4389 0.7123 0.8382]
    [0.2023 0.5654 0.8557]]

   [[0.4016 0.8144 0.6505]
    [0.5061 0.6783 0.4862]
    [0.8891 0.2709 0.7163]]]]



 [[[[0.8757 0.2043 0.1450]
    [0.7269 0.9857 0.7577]
    [0.6282 0.6229 0.5658]]

   [[0.4737 0.3713 0.1536]
    [0.6887 0.3255 0.6679]
    [0.5620 0.4762 0.7541]]]


  [[[0.3491 0.7590 0.5888]
    [0.1936 0.8723 0.1502]
    [0.3882 0.8512 0.4740]]

   [[0.5433 0.3698 0.3068]
    [0.6852 0.2074 0.5566]
    [0.1742 0.4686 0.3490]]]


  [[[0.4630 0.3107 0.9139]
    [0.4828 0.5683 0.1440]
    [0.9135 0.1503 0.5241]]

   [[0.7269 0.1369 0.8540]
    [0.3680 0.8382 0.3199]
    [0.6220 0.2163 0.7102]]]]]

thres2: v13 | v0 v5 v9 v12 v14
[[[[[0.7982 0.8085 0.7591]
    [0.7534 0.7636 0.8559]
    [0.8931 0.8338 0.8878]]

   [[0.8030 0.7651 0.7786]
    [0.7750 0.8529 0.7526]
    [0.7642 0.7500 0.7713]]]


  [[[0.9064 0.9037 0.8157]
    [0.7809 0.8663 0.7512]
    [0.7651 0.7510 0.7502]]

   [[0.7545 0.8084 0.8099]
    [0.7618 0.7516 0.7946]
    [0.9294 0.8306 0.8279]]]


  [[[0.8243 0.8283 0.8902]
    [0.8869 0.9147 0.8342]
    [0.8903 0.7954 0.7503]]

   [[0.8572 0.7904 0.8036]
    [0.7731 0.9036 0.8164]
    [0.7508 0.7720 0.7501]]]]



 [[[[0.7713 0.8079 0.8636]
    [0.9613 0.7919 0.7675]
    [0.8126 0.7764 0.9487]]

   [[0.8626 0.9498 0.7505]
    [0.7611 0.8624 0.7730]
    [0.8345 0.8597 0.8250]]]


  [[[0.7540 0.7507 0.7686]
    [0.8456 0.7735 0.7501]
    [0.7545 0.9077 0.7501]]

   [[0.7862 0.8325 0.9390]
    [0.7568 0.9509 0.8514]
    [0.7859 0.8664 0.7552]]]


  [[[0.7500 0.7557 0.7577]
    [0.7947 0.7864 0.8094]
    [0.7576 0.7509 0.9066]]

   [[0.7697 0.8841 0.8532]
    [0.7859 0.8107 0.7851]
    [0.7670 0.8464 0.8351]]]]



 [[[[0.8553 0.7974 0.8032]
    [0.7912 0.7581 0.8629]
    [0.8049 0.8878 0.8160]]

   [[0.7621 0.7653 0.8810]
    [0.8174 0.8080 0.7903]
    [0.8078 0.8352 0.8699]]]


  [[[0.7545 0.7517 0.8392]
    [0.7500 0.8452 0.8252]
    [0.8213 0.7952 0.8767]]

   [[0.8165 0.8717 0.7622]
    [0.8174 0.8579 0.7507]
    [0.7509 0.8811 0.9100]]]


  [[[0.7608 0.7501 0.8049]
    [0.7537 0.7951 0.8644]
    [0.8386 0.7543 0.8765]]

   [[0.7597 0.8488 0.7726]
    [0.7500 0.7818 0.7502]
    [0.9014 0.8025 0.7968]]]]



 [[[[0.8912 0.8374 0.8760]
    [0.8015 0.9859 0.8164]
    [0.7664 0.7651 0.7543]]

   [[0.7507 0.7666 0.8700]
    [0.7856 0.7804 0.7782]
    [0.7538 0.7506 0.8146]]]


  [[[0.7728 0.8171 0.7579]
    [0.8439 0.8886 0.8723]
    [0.7625 0.8734 0.7507]]

   [[0.7519 0.7670 0.7873]
    [0.7843 0.8356 0.7532]
    [0.8561 0.7510 0.7728]]]


  [[[0.7514 0.7858 0.9213]
    [0.7503 0.7547 0.8767]
    [0.9210 0.8723 0.7506]]

   [[0.8015 0.8819 0.8753]
    [0.7674 0.8644 0.7825]
    [0.7649 0.8305 0.7942]]]]]

cpt: v4 | v13
[[0.1330 0.0219 0.7360 0.0849 0.0242]
 [0.9378 0.0110 0.0445 0.0025 0.0042]
 [0.6215 0.0193 0.3424 0.0066 0.0102]
 [0.1482 0.0171 0.7945 0.0090 0.0313]]

